
Slide #1
1024 481
1026 484
1031 474
1036 464
1036 462
1040 458
1037 461
952 409
922 350
918 354
919 364
916 366
921 360
910 369
924 360
912 372
909 373
917 365
921 363
912 381
914 370
916 384
907 370
906 362
902 406
898 382
910 389
915 387
923 375
717 307
431 210
334 147
1033 277
1051 336
1048 338
1046 341
948 502
918 578
914 574
912 572
921 568
920 570
902 563
914 566
910 566
912 567
912 579
914 567
906 557
916 563
908 550
909 550
913 548
914 550
916 568
913 568
909 558
915 568
914 564
914 562
916 573
921 568
918 575
912 567
912 578
902 562
914 566
914 572
910 576
914 568
917 564
994 602
1076 635
1083 624
1088 618
1087 602
1083 604
1098 600
1095 588
1028 394
1012 198
1006 210
1018 210
1009 215
1004 216
1008 202
1011 228
1014 204
1006 241
1011 236
1008 248
1002 248
1000 268
1003 276
1007 283
1000 282
1033 373
671 251
974 143
1027 342
1044 612
1028 880
1024 778
904 26
907 14
924 23
920 10
928 11
937 22

Slide #2
984 6
986 394
986 414
992 410
989 405
988 408
986 401
982 392
989 402
982 408
948 494
948 498
952 496
944 498
944 494
950 496
948 506
944 500
942 496
951 500
950 504
946 502
947 504
947 496
946 497
944 500
955 503
1124 553
1131 552
1122 538
1122 550
1128 546
1127 554
1126 542
1145 536
1145 542
1141 546
1140 552
1147 550
1137 540
1142 543
1140 547
1142 543
1152 578
1144 642
1150 645
1139 634
1144 636
1140 639
1148 646
1150 644
1219 693
1232 686
1236 708
1239 704
1236 699
1240 719
1230 708
1244 712
1242 696
1271 562
1266 569
1266 564
1270 570
1264 576
1264 564
1272 562
1268 564
1264 575
1258 588
1259 592
1256 592
1258 592
1264 581
1271 550
1279 452
1233 502
1245 369
1242 385
1234 385
1242 374
1238 384
1236 381
1236 384
1104 394
876 334
889 349
890 339
889 353
890 342
890 338
891 359
894 348
889 334
698 312
696 310
690 296
692 296
688 302
692 298
685 300
680 296
656 301
659 291
655 307
652 305
652 310
648 308
650 302
652 301
656 300
662 310
666 488
676 710
720 588
684 744
696 753
684 738
684 740
688 741
676 740
680 750
695 724
686 703
692 702
693 706
688 708
680 701
684 707
686 704
683 704
673 704
688 696
710 558
710 560
714 561
711 560
710 558
707 560
712 556
712 566
714 568
723 569
711 565
711 573
690 612
692 616
690 610
688 617
694 618
722 614
874 613
882 619
870 610
880 614
881 627
872 628
872 611
876 620
868 606
870 616
976 490
1005 414
1005 425
1006 424
1008 416
1006 422
1006 422
1000 422
1002 416
1013 421
1011 424
1008 425
1002 421
1009 418
1002 412
1012 420
972 491
964 508
966 512
959 514
960 510
968 507
962 508
968 514
966 506
958 510
966 510
966 504
960 508
960 505
968 501
966 503
970 512
962 504
1038 520
1044 534
1036 528
1054 532
1045 534
1051 524
1000 496
997 504
992 490
994 492
994 498
998 496
996 496
1032 488
1058 492
1054 475
1058 492
1049 480
1061 496
1060 487
1080 454
1087 444
1104 457
1104 453
1108 450
1104 460
1106 460
798 520
792 396
795 405
790 401
789 402
800 398
792 406
796 418
790 410
796 407
796 402
800 414
810 414
800 406
796 410
804 402
804 393
804 392
808 400
848 314
852 306
851 309
844 315
846 312
853 342
862 411
868 413
870 408
872 400
872 412
878 412
872 410
868 405
895 418
902 420
900 424
896 420
900 422
876 412
850 412
844 414
854 422
852 416
854 416
852 414
858 422
857 420
848 420
848 420
850 424
850 392
854 400
857 400
861 401
852 401
922 304
928 314
922 308
923 318
920 312
923 314
921 318
924 318
916 312
919 312
926 318
922 313
922 316
876 467
857 499
858 501
858 504
860 498
859 498
858 500
858 496
858 498

Slide #3
854 496
858 508
855 498
862 498
856 496
862 499
860 504
861 500
858 497
856 497
929 522
988 620
992 605
988 588
992 602
988 589
990 592
993 598
989 590
986 590
1034 577
1048 586
1046 576
1044 582
1036 582
981 610
868 670
860 670
861 667
871 678
867 674
860 673
872 684
865 680
865 676
926 660
938 654
938 652
936 642
933 640
936 646
922 638
926 476
927 370
923 378
929 382
918 378
922 377
924 372
936 353
962 295
956 292
952 295
956 293
952 294
956 295
952 296
956 295
958 291
957 292
952 295
940 312
828 442
832 440
824 442
827 438
828 440
828 438
832 448
830 440
880 418
964 370
964 367
964 371
970 368
964 364
967 373
964 370
967 370
964 379
964 380
968 368
968 369
970 368
967 370
967 371
914 246
920 231
916 230
914 234

Slide #4
916 232
908 236
910 231
910 232
910 230
904 234
906 234
906 234
910 232
897 227
941 279
1044 434
1044 428
1046 432
1041 430
1043 429
1045 431
992 481
859 555
856 550
862 556
864 548
866 550
863 546
858 548
856 548
857 546
858 546
859 551
856 548
866 554
862 550
982 496
1067 459
1064 462
1068 454
1061 459
1064 458
1063 461
1059 458
1058 462
1062 458
1060 456
1061 457
1064 460
1066 462
1158 416
1200 392
1196 412
1197 404
1197 402
1192 390
1196 390
1198 395
1199 400
1198 400
1197 392
1195 392
1194 399
1198 400
1200 401
1204 402
1203 398
1204 403
1200 398
1202 394
1196 395
1190 394
1194 400
1067 484
1006 496
1012 518
1008 502
1008 504
1009 502
1014 504
894 564
874 582
885 586
880 590
878 579
878 574
879 581
878 589
882 588
878 584
882 580
934 576
1165 458
1165 444
1158 448
1164 454
1170 452
1166 449
1210 400
1206 402

Slide #5
1213 403
1215 400
1212 392
1208 407
1220 410
1214 408
1030 500
1044 419
1042 420
1040 416
1042 416
1002 513
1008 520
1016 521
1000 520
1006 520
1004 520
999 520
1006 520
997 510
965 522
962 514
962 514
958 516
958 519
960 524
962 516
967 510
957 512
962 522
972 523
961 514
960 515
962 518
964 518
960 518
958 518
954 510
966 518
966 524
963 521
1040 468
1168 386
1168 394
1171 390
1166 393
1158 397
1175 401
1328 467
1323 462
1327 468
1327 470
1326 466
1324 460
1383 482
1413 492
1410 498
1411 494
1414 484
1412 489
1415 494
1383 454
1380 451
1382 454
1382 440
1379 452
1374 446
1377 437
1378 440
1378 438
1380 446
1376 435
1380 449
1378 447
1353 436
1234 394
1228 387
1232 398
1228 394
1227 397
1232 404
1228 402
1230 392
1230 394
1218 389
1221 396
1218 400
1214 390
1216 393
1216 394
1216 392
1220 390

Slide #6
1217 389
1222 392
1215 390
1223 392
1221 394
1224 377
1226 380
1222 394
1224 392
1222 390
1223 386
1224 390
1224 393
1216 393
992 358
993 362
982 366
978 358
986 360
992 360
984 354
984 362
984 359
982 360
985 362
1068 389
1067 388
1066 390
1072 384
1069 384
1066 384
1066 382
1068 387
1076 385
1088 391
1088 398
1086 405
1092 392
1086 390
1089 398
1082 384
1087 287
1084 394
1215 503
1210 512
1212 513
1198 516
1214 508
1208 523
1202 520
1199 520
1206 528
1208 528
1208 523
1281 556
1332 548
1322 546
1319 549
1326 550
1326 546
1326 544
1326 550
1328 546
1330 550
1326 552
1321 544
1331 552
1426 542
1446 558
1455 554
1454 547
1452 541
1451 544
1450 544
1452 549
1428 718
1412 742
1408 740
1414 738
1410 732
1406 750
1404 756
1414 740
1409 737
1427 792
1441 835
1440 841
1449 830
1440 834
1434 833
1439 839
1434 842
1441 820
1436 832
1432 836
1335 827
1334 820
1330 816
1338 823
1332 825
1340 828
1332 836
1337 829
1340 817
1311 821
1035 738
1025 740
1024 744
1026 748
1026 738
1021 728
1022 738
1022 744
1018 744
1014 738
1018 732
1041 727
1034 720
1035 719
970 675
818 571
808 570
810 561
808 564
817 573
820 566
811 580
812 568
808 567
822 570
806 564
815 574
806 570
804 566
809 568
803 567
809 566
818 578
816 590
822 590
820 590
824 592
815 584
822 589
844 620
863 630
869 638
857 628
857 622
858 633
858 630
857 626
852 626
852 633
856 626
863 633
856 624
691 494
664 486
664 485
666 489
669 488
674 482
666 482
668 483
666 490
678 454
686 442
680 440
684 438
686 444
682 440
686 441
668 434
656 438
658 440
652 440
652 435
657 444
759 588
757 562
756 560
756 565
755 558
759 560
758 556
752 558
762 560
760 552
754 560
643 576
532 580
539 586
528 588
526 593
535 594
536 588
528 592
527 588
538 596
532 583
543 594
520 597
506 616
516 626
516 628
589 540
588 540
588 515
588 420
600 273
604 272
600 280
594 276
600 281
594 281
603 284
600 270
604 274
606 276
602 279
605 270
600 275
594 276
602 272
603 273
600 297
596 360
594 360
596 367
604 362
604 370
602 366
608 366
595 359
607 363
607 364
602 372
653 403
654 412
654 404
655 410
649 410
644 414
648 398
615 390
553 346
558 351
550 341
551 350
628 390
724 422
728 424
724 436
732 423
727 431
730 430
721 428
732 429
724 422
722 434
730 422
746 403
748 404
817 440
822 442
814 444
820 444
820 444
820 432
912 414
934 400
930 406
928 413
932 414
934 410
932 419
930 402
936 413
934 407
930 422
940 418
1004 422
996 428
1004 409
1003 418
1001 416
998 414
1000 414
1028 372
1030 372
1034 369
1028 364
1028 364
1029 361
1023 365
1035 368
1024 372
1026 371
1027 368
1040 370
1091 380
1098 377
1099 376
1095 376
1098 378
1108 381
1105 373

Slide #7
1095 376
1097 374
1169 434
1163 434
1167 432
1172 434
1126 569
1145 380
1154 372
1144 382
994 504
900 536
900 538
892 538
894 542
895 536
895 536
892 539
619 611
618 626
622 622
618 625
620 624
629 666
618 658
626 668
625 678
632 666
634 677
632 671
596 678
598 688
596 688
598 683
602 686
602 698
594 689
602 694
594 692
597 694
593 676
602 697
599 684
601 682
596 680
586 682
600 676
596 687
598 691
602 690
598 691
548 690
548 695
558 702
552 682
552 706
552 696
548 684
552 698
545 680
557 698
558 700
686 678
932 626
927 620
938 612
937 616
928 618
926 622
922 620
948 612
967 612
964 606
964 607
962 596
958 602
968 596
843 450
844 434
844 426
850 435
844 427
837 431
840 432
836 436
835 428
842 424
836 432
832 428

Slide #8
1015 516
1010 527
1010 512
1007 516
1000 634
1293 537
1290 499
1294 500
1287 498
1291 498
1021 514
867 545
886 544
874 548
878 557
876 546
758 592
718 608
726 605
724 598
721 597
728 608
734 460
734 403
732 397
736 402
732 392
736 394
736 391
738 394
720 617
714 624
722 623
714 619
709 623
710 628
716 634
712 632
712 626
720 638
718 618
724 621
712 616
722 624
716 575
742 362
760 361
753 377
753 363
760 363
757 364
756 364
757 374
755 367
750 358
742 357
752 360
758 374
756 364
773 360
778 363
773 362
778 366
776 365
786 366
1138 300
1218 304
1224 296
1218 302
1221 298
1219 302
1220 296
1222 304
1220 300
1222 298
1223 301
1228 302
1240 295
1240 302
1238 296
1233 298
1238 288
1238 292
1238 290
1234 377
1211 534
1200 544
1204 544
1202 547

Slide #9
1136 694
1154 470
1158 480
1151 472
1156 474
1153 476
1158 480
1156 481
1156 480
1154 484
1154 479
874 476
774 458
777 464
776 469
782 474
788 480
668 550
642 571
652 571
648 567
647 576
654 572
654 577
651 571
646 575
652 570
646 572
646 572
651 570
653 566
652 578
656 565
656 565
658 560
807 482
806 480
808 476
806 486
810 476
813 473
802 468
804 474
806 479
810 474
813 476
812 478
806 490
796 654
846 498
802 490
828 470
835 466
830 460
822 466
1097 453
1150 437
1151 436
1150 441
1152 434
1146 444
1154 507
1156 501
1153 512
1157 508
1151 507
1155 513
1154 512
1151 510
1150 503
1154 502
1154 507
1154 503
1156 498
1152 506
1150 504
1146 499
1143 502
1120 498
854 429
847 440
846 436
848 436
845 431

Slide #10
836 440
836 430
1162 474
1170 487
1170 494
1169 489
1176 488
1163 490
1162 495
1158 489
1058 474
926 409
931 415
938 416
941 410
940 418
943 414
943 428
954 560
950 558
948 562
960 554
952 560
951 568
958 562
988 427
979 428
988 427
986 424
986 428
1061 390
1064 388
1068 398
1072 400
1066 387
1058 398
1068 401
1066 398
1058 398
1062 386
1056 392
1054 406
1050 400
1058 395
1058 396
1058 396
947 528
842 650
842 650
848 644
854 638
850 646
851 646
850 640
857 640
840 658
858 642
958 574
958 580
956 568
953 575
953 566
952 572
958 574
946 582
964 564
970 534
965 532
971 530
969 527
970 530
960 534
968 538
950 681
948 530
948 525
946 522
929 525
929 517
934 521
942 510
929 503
810 606
818 577
818 588
816 592
806 606
826 607
811 621
838 557
920 466
938 457
936 487
936 490
944 505
933 498
942 486
940 486
956 490
955 498
950 506
954 498
948 491
948 490
835 354
750 297
753 319
750 320
754 312
748 319
752 314
726 341
718 376
723 364
720 364
724 368
718 370
724 368
723 370
726 374
728 371
732 376
744 388
750 381
748 378
740 394
744 406
1044 384
1055 398
1052 387
1057 382
1058 382
1059 382
1110 392
1206 432
1198 438
1200 432
1198 442
1204 444
1218 484
1208 502
1208 514
1220 502
1210 499
1206 503
1205 502
1211 504
1198 509
1206 502
1224 493
1212 499
1226 499
1222 496
1223 496
1211 494
1218 493
1222 490
1216 522
1218 500
1114 478
1111 478
1116 480
1116 477
1120 476
1112 488
1115 480
1115 476
1114 489
1110 484
1220 680
1220 681
1214 678
1211 683
1216 684
1216 679
1218 678
1220 674
1075 550
1069 553
1077 542
1079 546
1074 546
1068 546
1074 546
1072 546
1068 546
1079 551
1108 562
1106 564
1119 564
1112 563
1112 560
1119 555
1096 540
1082 554
1095 546
1100 547
1100 540
1100 539
1106 546
1102 540
1100 541
1099 550
1092 539
1092 546
1092 541
1088 551
1095 554
1097 544
1093 544
1096 540
1090 542
1095 552
1087 564
1084 559
1076 561
1108 533
1094 542
1102 546
1093 542
1097 538
1104 542
1096 554
1102 546
1104 540
1094 556
1097 539
1106 535
1099 537
1102 535
1111 536
1091 546
1086 548
1096 556
1121 544
1100 544
1101 542
1104 552
1100 548
793 732
1103 532
1080 526
1114 538
1104 542
1102 544
1096 550
1104 546
803 662
1106 530
1108 542
1084 542
1097 546
1095 542
1100 550
1106 542
1092 543
1100 546
1100 542
1100 550
1092 544
1106 538
934 484
918 467
927 470
923 465
920 471
911 474
924 468
921 476
918 468
918 465
924 463
914 466
926 463
924 463
926 456
912 464
926 472
1116 570
1112 578
1112 568
1112 575
1102 572

Slide #11
1132 552
1108 548
1104 541
1094 554
1112 532
1100 555
1100 540
1105 548
1090 562
1096 550
1102 557
1076 590
1130 570
1134 556
1133 560
1124 562
1136 559
1132 562
1129 556
1080 535
1082 544
1087 540
1084 541
1090 530
1080 540
1082 542
1084 535
1082 542
1086 548
1082 547
1087 539
1084 542
1082 548
1088 544
1089 547
1082 545
1076 549
1086 551
1090 550
1066 544
828 295
846 312
840 305
840 312
844 312
839 322
663 490
658 484
672 484
666 482
667 480
674 477
672 486
675 475
672 475
678 472
674 474
669 472
792 620
804 614
806 624
802 622
806 618
794 624
800 618
804 629
800 612
820 680
828 679
836 674
842 669
838 674
824 665
834 674
891 646
1093 346
1098 342
1104 336
1101 342

Slide #12
848 592
1087 358
1086 351
1090 357
1091 358
1102 343
798 667
1058 590
1106 626
1096 395
1106 380
1107 384
1070 412
1083 404
1072 409
1075 410
1080 408
1080 412
1065 411
1063 426
1112 560
1108 584
1106 586
1106 590
1102 586
1100 580
1116 578
1095 590
1101 573
1107 564
1112 566
1110 562
1105 567
1106 554
1114 558
1111 560
1110 555
1106 545
1104 545
1107 546
1103 553
1111 538
1106 544
1111 542
1106 545
1110 545
1113 538
1104 545
1110 540
1110 539
1117 544
1108 539
1112 538
1116 535
1112 537
1118 540
1115 538
1107 548
1109 542
1106 534
1114 534
1118 533
1118 534
1113 536
1122 536
1121 530
1119 532
1115 540
1110 536
1122 530
1114 535
1144 546
1112 544
1120 535
1115 536
1122 528
1121 528
1114 532
1126 532
1119 534
1122 534
1125 535
1123 546
1116 542
1120 535
1126 539

Slide #13
1127 536
1134 528
1123 534
1126 536
1124 544
1116 538
1126 547
1130 540
1122 540
1122 536
1116 546
1064 412
1062 388
1058 386
1064 378
1064 388
1047 388
1048 384
1182 488
1176 506
1186 489
1184 490
1178 493
1184 486
1175 490
1178 499
1320 610
1320 634
1329 632
1316 628
1316 636
1315 644
1314 646
1342 714
1336 740
1344 741
1338 746
1342 747
1334 754
1340 747
1337 754
1330 758
1331 754
1191 706
972 520
954 663
966 660
948 660
967 655
959 660
950 666
952 653
956 654
963 660
963 650
732 668
583 660
579 667
578 660
582 664
577 659
570 645
616 640
617 644
616 647
612 636
614 641
616 626
598 634
592 646
600 635
598 638
596 638
595 651
597 644
594 640
599 630
600 640
588 636
534 533
505 394
518 392
516 390
508 396
508 400
508 389
509 388
512 388
512 389
514 398
574 307
590 270
592 272
598 274
594 272
594 270
596 277
588 276
568 277
566 277
564 271
626 291
623 284
622 289
621 284
624 284
626 288
626 282
625 290
629 298
626 297
632 294
634 296
633 286
628 297
640 295
636 292
634 290
630 287
628 288
629 290
630 284
634 291
632 286
641 294
634 287
639 289
644 300
644 296
647 293
644 296
642 298
635 290
650 302
647 299
644 288
646 288
646 293
638 290
630 291
614 280
642 284
638 288
643 292
627 294
622 293
628 291
628 296
624 292
644 290
624 293
624 294
644 285
646 284
640 288
640 286
625 287
640 290
651 292
646 292
640 290
635 288
648 286
643 294
642 282
628 284
640 287
624 283
621 290
625 288
617 289
620 276
614 292
614 287
622 281
620 286
622 290
613 284
618 272
622 276
612 280
622 284
622 291
618 304
615 320
548 290
672 298
892 313
956 328
948 336
956 328
952 330
950 330
960 328
954 324
966 278
967 274
970 274
966 274
728 288
616 298
624 292
622 296
622 294

Slide #14
622 296
625 299
620 292
623 298
622 300
618 290
624 290
628 298
626 298
696 332
886 368
878 364
886 365
876 360
878 366
902 382
938 381
943 384
944 382
936 392
1098 386
1368 374
1377 372
1376 368
1362 376
1358 376
1354 374
1356 378
1358 374
1329 478
1168 640
1164 632
1156 634
1164 633
1163 626
1166 634
1164 633
1156 628
1165 640
1078 558
950 346
954 356
949 358
948 355
958 356
954 364
949 364
982 226
978 220
980 222
984 220
982 219
980 220
980 216
982 220
988 222
982 220
986 220
979 216
982 222
984 222
985 226
982 222
976 222
980 228
982 226
995 236
997 237
994 242
993 244
992 240
988 239
989 232
990 238
990 236
976 298
972 294

Slide #15
1002 509
998 514
992 522
920 560
920 568
922 565
918 566
921 570
924 559
916 566
920 562
926 554
922 568
924 556
924 552
922 560
919 562
988 548
1114 554
1106 558
1116 557
1106 553
1140 426
1112 550
1106 552
1107 558
1106 560
1108 550
1104 556
1133 400
911 341
914 334
918 344
911 345
918 345
919 340
916 340
918 342
1032 486
1064 521
1076 506
1054 533
1056 518
1060 531
1108 528
1104 541
1098 539
1092 542
1100 542
1034 505
929 377
931 376
936 374
939 370
932 377
929 376
931 386
928 375
936 380
946 395
944 402
946 394
946 394
949 402
950 388
952 402
956 396
950 394
974 393
976 392
972 396
982 387
982 388
982 389
974 386
968 384
968 378
966 389
982 380
992 341
992 340
1000 341
1003 343
981 353
983 340
980 342
980 349
986 350
983 349
989 347
981 354
977 349
984 348
1005 344
1002 350
1003 507
996 410
990 398
983 395
977 396
977 408
980 452
983 460
984 460
979 523
978 399
974 399
972 394
982 394
972 395
979 394
980 390
980 395
979 393
888 376
834 370
840 368
842 371
844 372
840 384
839 378
831 372
837 386
843 390
844 382
840 381
846 386
850 387
962 416
962 412
960 417
965 420
968 425
963 421
955 421
968 432
883 608
888 610
780 609
826 414
823 418
837 414
840 413
818 420
830 416
808 427
722 432
722 422
716 414
724 424
718 420
715 420
719 422
976 412
1094 396
1102 404
1098 392
1094 398
1074 413
1093 393
1088 382
1111 393
1093 400
1104 389
1108 398
1091 399
1100 398
1088 402
1062 378
1070 379
1048 391
1056 401
1061 391
1070 387
1068 384
1073 378
1062 374
1058 388
946 338
949 348
943 349
942 361
952 364
940 345
958 334
942 352
946 536
958 400
952 405
962 400
961 408
952 406
966 400
961 395
952 405
994 381
999 386
996 378
994 384
1005 378
990 380
994 388
993 386
990 385
783 390
800 392
791 418
838 264
802 388
813 380
804 384
885 387
882 393
882 388
889 387
880 390
881 395
888 386
950 414
950 414
942 456
949 415
956 414
956 413
972 412
956 412
992 291

Slide #16
962 416
995 285
956 410
954 413
970 417
946 412
940 420
940 410
932 424
943 411
944 414
932 423
944 404
940 416
796 418
669 404
660 419
658 408
662 419
656 413
658 411
666 412
662 404
662 404
666 410
685 550
696 428
692 424
688 422
691 426
660 408
668 406
664 404
670 406
669 400
668 398
665 410
662 401
668 409
666 402
671 408
670 407
668 413
674 410
668 408
666 407
677 400
670 412
670 416
674 408
670 406
670 406
672 408
677 406
666 408
668 408
670 402
665 412
656 405
655 406
660 394
653 397
652 401
657 398
656 406
670 276
658 402
670 932
667 414
670 420
666 411
668 420
671 418
878 566
882 578
881 555
872 562
874 559

Slide #17
878 564
874 567
876 556
1131 480
1156 469
1143 475
1144 468
1139 478
1146 482
1144 480
1142 476
1140 478
935 463
918 464
913 468
923 473
922 475
912 474
916 470
924 478
911 481
924 468
912 472
922 473
916 474
915 466
907 475
913 472
911 475
917 470
936 424
962 292
947 296
952 302
952 298
960 294
958 292
954 295
1066 269
1098 260
1094 257
1092 261
1102 262
1100 260
1104 256
1083 260
864 240
852 244
854 232
856 238
853 242
859 230
860 242
1032 325
1196 426
1194 425
1186 426
1182 431
1188 434
1188 436
1194 440
1136 594
1102 653
1098 645
1110 649
1112 648
1101 654
1095 656
1106 649
1106 644
1096 653
1099 649
1099 650
1104 650
1062 652
737 534
702 530
692 530
688 531
700 543
694 543
692 540
704 524
694 531
685 533
700 541
682 442
678 438
674 438
674 434
688 434
682 438
682 432

Slide #18
671 434
680 435
671 262
668 180
670 199
674 188
666 194
666 196
668 195
666 195
666 193
884 256
886 258
896 261
882 264
882 262
891 258
878 260
885 260
884 262
884 258
880 258
886 257
883 258
619 278
614 281
612 284
615 280
618 282
614 279
614 284
664 314
660 318
656 319
661 320
653 316
656 311
662 312
648 336
653 326
652 336
652 329
649 334
650 331
648 326
654 332
656 334
655 326
652 314
651 319
653 312
654 316
654 315
646 316
1048 483
1039 480
1040 478
1042 488
1042 492
1053 484
1042 490
1046 490
1140 404
1137 402
1139 412
1136 413
1138 406
1132 409
1173 434
1225 486
1226 486
1219 488
1222 486
1224 487
1226 488
1228 480
1288 442
1322 412
1326 407
1322 410
1318 412
1327 402
1316 408
1318 413
1320 406
1318 406
1318 404
1321 402
1321 406
1315 410
1321 406
1388 342
1430 262
1407 276
1412 287
1408 275
1413 281
1407 278
1444 302
1432 298
1429 291
1434 296
1427 294
1441 269
1440 272
1440 275
1438 271
1446 274
1441 276
1437 272
1446 274
1333 212
1312 206
1310 205
1310 210
1316 208
1308 209
1311 217
1081 194
1074 205
1070 206
1074 208
1072 200
1068 210
1070 208
1070 206
1072 213
1064 204
1066 210
1062 209
1062 211
974 306
932 361
934 363
936 358
934 357
934 364
938 364
930 370
935 368
938 363
934 368
753 628
710 672
720 673
716 668
716 665
722 674
716 672
714 660
712 662
710 671
709 672
700 636
696 628
690 627
700 634
694 624
696 627
694 632
693 634
660 575
663 572
664 565
660 573
654 572
658 573
659 571
652 578
638 567
641 569
645 574
644 575
645 573
640 574
647 581
638 578
640 574
649 576
642 574
641 568
642 571
647 584
646 577
646 576
646 576
640 570
637 574
652 582
652 583
642 575
652 580
648 578
634 579
640 578
642 576
654 592
650 582
645 580
644 582
644 575
640 570
650 574
644 573
643 568
644 576
648 578
644 580
647 580
644 574
638 574
649 578
639 576
644 576
645 574
643 578
650 580
644 574
650 581
648 577
649 572
642 568
641 569
647 572
640 568
640 574
644 572
643 573
646 571
644 574
645 575
637 575
643 574
643 576
640 573
640 558
641 560
639 565
643 566
633 555
636 564
644 563
640 558
632 558
634 556
636 559
634 563
646 558
640 560
638 566
642 562
633 564
641 560
638 562
645 562
642 569
639 565
636 564
635 567
649 574
639 568
650 562
641 566
646 582
652 582
642 573
649 572
645 572
648 579
646 576
640 570
644 572
644 575
673 406
642 580
645 575
642 574
644 572
648 580
649 576
648 582
650 578
647 574
642 588
630 582
632 584
636 592
626 584

Slide #19
628 590
636 588
638 592
634 592
642 596
645 582
638 578
640 578
639 578
652 578
790 478
836 416
838 414
838 420
833 422
820 400
812 392
804 399
816 396
813 393
810 392
814 396
815 392
688 264
666 244
669 250
667 257
665 258
664 252
666 252
668 258
668 254
665 254
668 256
670 255
670 255
667 255
666 254
668 254
668 251
670 255
663 260
671 250
668 252
668 256
668 252
668 254
666 255
664 256
664 253
664 254
671 254
668 250
670 252
669 253
670 252
666 245
652 352
678 234
674 234
674 228
678 232
676 224
678 230
675 234
680 234
678 233
675 234
675 240
672 241
678 244
1003 343
1204 416
1198 412
1198 409
1204 421
1202 414
1198 412
1198 408
1201 418
1241 454
1270 568
1280 561
1276 570
1270 568
1275 566
1289 592

Slide #20
1293 598
1294 587
1287 601
1246 497
1219 422
1221 424
1220 424
1220 424
1225 422
1218 426
1220 425
1220 418
990 351
882 329
881 332
876 328
876 334
873 342
874 334
789 305
775 300
788 308
782 304
782 303
778 307
789 298
786 303
787 302
790 304
786 304
786 308
788 300
793 306
788 306
790 314
790 306
802 406
812 690
815 742
806 738
814 734
794 728
807 746
824 851
828 860
822 844
816 846
822 852
819 854
820 854
819 846
822 864
822 850
816 840
830 855
826 852
814 846
824 844
828 860
818 842
820 849
828 848
818 840
816 843
810 837
820 838
826 835
826 834
820 836
820 832
815 836
822 838
818 835
820 839
821 834
822 836
814 822
826 836
825 836
823 830
814 834
814 833
816 821
820 830
810 830
822 828
818 835
813 837
813 822
818 826
821 834

Slide #21
818 838
816 830
811 836
820 832
815 822
820 831
815 822
810 826
814 828
809 822
810 822
827 830
907 496
894 486
898 474
910 512
912 501
902 488
906 494
904 490
897 490
879 691
686 671
692 667
691 715
678 756
686 761
686 752
681 749
682 758
678 748
683 760
682 760
678 757
684 794
676 770
676 763
682 771
672 765
678 774
678 772
682 775
674 768
674 772
671 771
678 776
680 778
670 775
682 784
679 776
688 786
676 782
678 782
673 782
682 784
677 784
673 778
676 778
677 773
675 778
676 774
678 776
679 772
679 774
677 772
680 783
673 766
678 770
668 774
674 771
671 773
672 776
684 780
672 772
686 778
683 778
678 773
678 766
674 770
679 774
672 770
678 772
679 774
672 771

Slide #22
672 776
666 780
672 782
664 782
672 778
712 724
856 314
856 322
849 325
847 328
845 330
848 324
852 322
849 324
851 326
836 258
837 212
842 216
844 214
834 211
838 216
842 210
837 214
846 216
844 215
842 216
846 218
880 427
892 474
896 474
896 476
894 468
895 461
894 467
1042 537
1061 554
1056 557
1060 554
1055 548
1060 556
1052 554
1054 554
984 526
918 486
926 487
924 494
928 490
930 494
928 492
927 486
926 495
928 494
922 484
924 500
929 519
925 510
922 516
928 518
926 517
926 521
926 526
934 532
928 523
927 516
920 520
931 521
928 518
930 522
922 522
930 524
924 520
934 527
924 526
922 526
926 526
926 526
921 518
920 522
932 528
930 528
924 522
922 520
924 520
924 520
923 520
922 522

Slide #23
922 518
925 522
924 510
926 520
926 520
925 516
937 528
928 520
924 526
921 518
920 515
918 525
925 527
994 268
995 278
991 270
995 274
987 268
996 268
993 274
1196 259
1350 232
1352 231
1348 224
1347 223
1346 232
1397 260
1404 248
1400 258
1400 252
1404 252
1398 252
1375 248
1023 272
1005 270
1006 264
1003 269
998 268
1004 262
989 268
832 252
836 253
833 254
839 256
836 257
842 262
838 250
840 256
836 254
836 259
896 327
1099 609
1116 668
1115 654
1123 660
1124 656
1120 657
1122 662
1116 658
1124 672
1210 735
1240 772
1244 768
1240 784
1240 771
1239 780
1250 757
1242 772
1243 780
1236 778
1238 774
1238 777
1242 770
1240 774
1242 775
1236 774
1240 760
1238 778
1238 764
1238 756
1235 777
1238 760
1240 772
1240 785
1240 770
1238 772
1239 773
1237 765
1235 778

Slide #24
1244 770
1241 767
1244 772
1240 756
1244 770
1242 752
1238 770
1237 760
1240 772
1242 768
1244 765
1241 760
1200 736
964 408
930 374
930 372
931 368
930 368
925 363
931 370
922 362
926 368
932 373
931 374
930 371
928 374
926 372
927 368
932 372
930 370
931 371
992 542
1012 584
1010 584
1002 584
1004 579
1008 578
1012 580
1002 576
1000 584
1006 594
1000 578
1002 578
1009 578
996 584
1002 590
1003 592
997 588
998 586
994 580
998 588
1002 585
998 580
1028 614
1010 582
1002 578
1003 579
1002 578
998 578
1000 586
998 578
1008 593
1005 588
1000 586
992 580
994 580
1004 574
1007 578
1006 585
1006 586
1007 584
1006 580
994 574
996 582
999 584
999 586
992 580
1003 574
1008 584
1002 565
1006 584
1004 587
1004 586
1002 581
1003 577

Slide #25
998 572
1002 579
1000 584
992 576
1002 575
996 576
1000 584
998 577
990 567
973 480
986 428
986 428
978 421
982 426
977 422
1007 412
1002 416
1000 407
1002 424
1002 418
1002 423
1000 411
998 408
998 422
996 409
995 406
996 408
994 412
992 409
994 410
994 404
1002 391
1004 392
1002 388
1000 386
998 384
998 396
996 398
988 392
977 379
977 377
972 377
980 256
982 364
988 368
976 382
726 510
731 514
734 521
726 524
731 520
722 521
723 520
723 518
711 582
704 601
700 594
705 601
704 607
707 607
610 514
604 496
596 512
596 514
598 516
596 508
595 507
596 504
604 512
782 528
773 534
772 536
778 528
779 520
774 526
772 526
772 528
776 527
1060 548
1099 554
1094 562

Slide #26
1100 557
1089 561
1106 558
1100 554
991 484
978 458
982 462
969 458
968 468
977 457
966 461
974 454
978 466
876 489
878 500
874 492
876 490
880 492
877 492
952 510
1180 572
1173 573
1161 579
1172 568
1171 566
1113 570
864 504
866 508
867 506
868 508
872 501
872 516
878 512
875 506
872 519
872 508
874 506
873 498
866 520
1025 464
1031 434
1025 435
1018 426
1022 429
837 278
829 258
827 259
826 249
825 252
824 252
826 254
1022 270
1106 281
1100 278
1108 277
1102 276
1102 274
1099 282
1105 279
919 534
920 464
918 476
922 469
921 476
926 470
925 466
960 544
972 526
974 518
970 526
961 532
962 526
958 526
956 540
962 534
968 526
960 528
968 529
966 528
968 530
966 528
897 486
892 448

Slide #27
900 446
898 450
897 460
890 456
895 454
894 454
893 460
886 464
892 449
884 588
868 596
880 600
880 596
880 593
876 594
1018 662
1012 672
1016 669
1026 658
1015 663
1020 657
1025 654
1014 663
1015 661
1020 659
1008 662
1008 670
1020 654
1164 706
1221 726
1225 726
1222 732
1226 720
1219 726
1214 734
1216 729
1221 724
1214 729
1224 720
1223 716
1218 732
1220 730
1216 728
1214 733
1222 726
1227 726
1220 730
1224 724
1221 722
1228 723
1220 732
1214 735
1142 664
1107 629
1110 624
1098 627
1104 633
1106 628
1104 629
1108 630
1107 633
1112 634
1114 630
1078 592
994 450
996 456
1003 464
996 448
964 258
964 255
956 257
950 264
945 266
945 265
947 270
846 536
851 564
854 559
850 559
858 564
855 560
854 562
847 557
962 589
1009 590
1013 588
1018 589
1017 587
1006 608
1000 596
1006 592

Slide #28
1004 604
1013 590
1011 599
1013 627
1016 635
1008 635
1010 634
1006 637
1006 644
1010 632
1012 642
1006 632
1013 634
1014 624
1009 719
1003 612
1016 516
1018 518
1015 515
1010 519
1018 584
1015 570
1013 578
1011 578
1036 433
1011 572
1046 585
1088 450
1066 590
1070 590
1068 590
1054 593
1068 588
1062 590
1066 592
1060 636
1068 626
1056 634
1060 647
1062 636
1064 627
1136 622
1400 616
1402 612
1406 610
1402 622
1408 622
1403 612
1406 618
1392 628
1090 723
1076 726
1078 728
1081 750
1089 732
1074 723
1092 702
1087 682
1079 668
1084 665
1084 663
1089 676
1086 680
1085 676
1082 674
1082 663
1086 660
1084 658
1080 650
1080 657
1084 655
1081 658
1082 647
1078 640
1086 667
1092 652
1090 653
1087 666
1084 660
1078 657
1090 664
1074 652
1084 660
1083 658
1080 662
1080 648
1084 667
1084 665
1080 666
1082 649
1084 659
1084 650

Slide #29
1078 652
1082 655
1080 654
1081 668
1076 665
1076 639
1082 656
1084 649
1078 650
1077 645
1084 652
1080 645
1080 658
1048 682
1039 512
1044 502
1037 507
1040 509
1040 507
1040 510
1110 555
1104 554
1108 556
1106 544
1112 556
1110 554
1104 549
1170 619
1184 626
1182 628
1181 632
1180 635
1182 620
1179 623
1174 643
1182 628
1180 642
1186 628
1200 390
1191 363
1200 374
1194 380
1197 380
1196 371
1200 372
1198 368
1194 376
1200 378
1202 328
1206 321
1212 312
1208 316
1209 314
1214 318
1184 313
1192 308
1192 313
1186 314
1190 310
1194 311
1188 306
1217 326
1218 313
1212 316
1218 319
1217 324
1216 316
1220 321
1216 318
1219 322
1260 317
1265 315
1258 322
1260 325
1261 318
1264 321
1260 315
1156 310
1114 311
1118 306
1120 304
1118 314
1117 311
974 435
964 429
964 431
965 440
1114 328
1120 334
1126 356
1124 345
1113 329
1117 342
1121 347
1146 230
1134 222
1127 311
1136 323
1145 364
1133 357
1128 333
1134 336
1134 323
1132 322
1140 329
1138 329
1134 336
1138 333
1137 330
1137 330
1133 327
1135 350
1137 327
1137 313
1136 311
1132 305
1052 390
924 460
934 452
916 451
917 456
918 458
914 450
914 457
920 466
920 462
924 466
922 454
814 464
820 466
825 463
815 452
813 458
813 462
813 462
814 466
817 460
807 466
810 474
808 473
805 468
807 468
808 761
795 684
800 698
797 688
806 689
799 686
797 694
798 697
798 702
800 691
872 708
902 719
912 728
908 730
912 730
730 665
736 669
734 668
734 664
733 664
728 654
830 718
843 722
840 718
844 714
842 706
837 703
835 704
799 687
716 646
720 645
719 646
710 638
712 642
708 639
711 642
714 630
709 634
721 643
708 640
714 641
712 639
713 632
714 641
706 640
702 636
708 634
702 634
722 642
716 636
718 636
716 634
710 636
718 638
716 632
711 636
704 634
713 634
711 634
702 628
704 630
712 632
709 632
716 630
713 632
716 625
711 628
708 626
703 624
708 625
712 630
712 628
710 617
716 622
714 621
713 634
715 633
717 626
712 626
712 632
714 635
712 633
708 637
708 633
710 632
712 628
710 634
713 630
706 626
713 627
706 620
711 632
712 628
709 634
709 630
712 628
712 628
714 630
707 629
716 622
710 622
716 622
718 628
715 619
720 627
714 625
715 624
718 631
712 629
716 628
712 623
708 624
715 624
717 626
722 630
717 620
716 626
718 628
718 631
716 628
710 622
711 622
718 627
722 632
724 627
725 626
718 632
718 628
716 618
720 622
724 625
724 629
722 626
716 626
720 626
720 630
714 626
718 628
718 625
719 628
712 620
711 619

Slide #30
714 626
718 629
716 622
710 626
758 769
714 624
874 436
866 439
866 444
874 437
864 435
862 430
866 438
872 439
844 404
841 402
846 408
842 417
841 412
836 408
836 410
836 412
836 408
842 416
838 410
834 411
834 410
838 410
830 406
928 424
1011 427
1009 424
1008 430
1007 422
1008 431
1006 427
1008 426
1009 424
966 412
878 353
878 352
876 351
872 357
874 385
889 516
886 363
880 364
877 362
689 430
626 465
634 462
636 468
634 464
634 464
636 462
592 495
590 499
580 523
588 513
588 518
823 490
988 476
1026 320
994 475
994 484
988 476
1011 470
1070 451
1070 450
1068 443
1063 447
1068 444
1067 452
1024 470
916 502
916 516
911 508
914 512
914 505
910 502

Slide #31
910 500
908 511
914 504
908 509
921 516
880 336
878 330
877 330
878 327
884 328
902 556
896 606
899 599
900 606
900 609
896 606
904 612
912 601
900 602
910 598
1066 464
1075 453
1071 448
1076 445
1072 447
1074 438
1110 408
1188 285
1188 282
1184 280
1184 280
1188 283
1183 278
1192 274
1182 280
1188 286
1184 279
1142 302
756 353
694 367
694 357
686 364
682 358
694 356
686 355
640 555
660 590
662 587
669 598
658 589
664 593
662 591
662 602
664 602
660 608
666 594
666 600
802 698
806 690
802 686
808 695
808 692
823 706
1012 710
1006 718
1012 706
1012 711
1007 716
1090 664
1201 568
1200 575
1202 566
1201 566
1198 572
1197 570
1202 572
1196 570
1244 325
1244 282
1238 283
1247 286
1239 282
1238 284
1236 286
1234 280
1244 292
917 352

Slide #32
633 528
634 429
632 430
634 428
774 517
945 528
963 534
967 532
962 534
962 533
958 528
904 492
906 498
906 495
908 493
902 488
874 573
871 567
874 557
864 573
870 570
865 568
870 564
852 574
864 584
852 583
859 575
850 586
858 578
858 578
845 586
856 576
849 578
854 574
853 578
856 574
851 576
859 574
856 574
856 579
860 575
856 588
850 582
852 570
856 574
856 574
854 584
852 570
853 585
853 580
852 572
856 578
846 578
852 580
864 578
852 576
857 575
854 574
854 576
860 568
861 566
856 572
852 578
860 572
851 570
854 582
867 573
864 570
862 566
860 566
852 576
855 569
862 575
863 566
858 563
857 574
854 576
860 566
858 572
860 567
858 566
862 558
858 568
858 570

Slide #33
857 568
860 564
863 569
864 560
856 576
859 560
860 563
858 560
852 564
854 572
862 572
864 566
863 566
857 571
819 550
798 546
795 548
800 553
913 508
988 444
992 450
990 446
984 448
986 445
986 448
987 447
1006 446
1174 488
1178 488
1182 484
1174 484
1175 486
1176 486
1281 588
1306 643
1302 636
1302 642
1312 638
1308 634
1300 635
1307 636
1300 641
1300 642
1178 612
1172 613
1166 615
1176 608
1179 618
1142 613
838 616
836 619
836 618
839 610
840 602
1066 576
1130 565
1123 567
1116 570
1124 568
1127 566
1138 562
1134 557
1134 561
1134 566
1125 564
1126 570
1165 584
1160 582
1164 584
1164 582
1164 585
1090 572
732 518
718 515
724 520
717 526
728 526
722 521
722 521
702 540
566 588
572 594
567 595
566 586
570 590
568 590
566 590
480 586
475 588
472 580
470 583
473 586
647 610
724 634
714 639
718 638
718 646
723 636
722 630
718 641
789 658
881 674
884 675
872 691
878 680
879 679
882 679
884 679
882 684
881 686
761 563
585 275
578 275
584 282
576 278
585 282
586 283
584 288
526 255
498 254
500 256
495 256
492 254
536 288
548 291
550 290
552 294
552 292
550 292
548 292
544 302
542 299
549 306
944 253
1423 233
1430 220
1394 240
1401 244
1389 244
1393 241
1374 248
1326 256
1329 251
1329 252
1331 261
1325 260
1398 308
1394 311
1400 310
1406 322
1394 314
1400 308
1396 286
1399 284
1393 272
1392 274
1394 280
1386 272
1394 277
1388 272
1392 267
1388 270
1390 280
1394 274
1388 268
1390 276
1392 284
1390 272
1387 277
1394 286
1388 276
1392 267
1392 270
1388 278
1389 278
1392 276
1390 274
1388 276
1388 277
1392 277
1386 274
1390 278
1382 274
1386 283
1390 270
1390 274
1391 274
1396 278
1390 283
1389 273
1388 278
1391 271
1388 274
1390 280
1380 270
1385 262
1386 275
1388 268
1390 275
1384 268
1384 271
1385 267
1382 274
1388 266
1388 278
1380 262
1390 278
1392 278
1390 283
1388 282
1396 278
1390 275
1390 277
1382 264
1386 270
1383 270
1389 278
1378 266
1392 281
1388 270
1386 279
1388 281
1388 282
1384 274
1384 275
1393 269
1396 284
1394 282
1394 264
1404 466
1397 280
1394 266
1398 292
1399 280
1406 284
1404 290
1403 276
1405 274
1400 287
1398 272
1397 280
1398 278
1402 288
1401 284
1404 290
1402 282
1404 276
1400 284
1403 282
1405 286
1402 282
1399 286
1400 280
1400 282
1398 282
1394 280
1394 286
1396 278
1397 278
1398 286
1398 280
1400 278
1402 282
1392 282
1402 296
1402 290
1404 292
1404 275
1400 280
1404 286
1400 287
1406 299
1404 284
1405 289
1406 299
1403 292
1402 294
1402 292
1402 290
1402 294
1404 296
1406 290
1408 289
1410 286
1402 292

Slide #34
1408 290
1404 292
1408 292
1404 302
1407 286
1403 288
1402 277
1395 284
1178 390
1067 434
1060 440
1053 436
1054 428
1056 447
1056 440
1056 449
1052 442
1056 432
1042 452
952 468
948 463
951 462
951 463
951 468
954 465
898 486
896 490
890 490
892 481
889 482
895 484
884 489
796 504
768 523
768 515
776 517
770 526
774 522
766 514
774 530
768 586
774 650
773 648
772 647
774 647
770 641
779 646
774 645
768 648
768 644
772 656
772 652
770 652
770 648
723 581
722 578
731 586
726 582
718 582
725 576
793 572
1126 572
1119 569
1120 568
1125 582
1123 562
1122 564
1122 560
1124 573
1176 560
1176 560
1174 570
1176 570
1176 566
1178 570
1174 570
1180 570
1174 560
1181 559
1197 586
1218 707
1224 698
1224 704
1221 700
1220 702
1220 688
1222 688
1218 704
1228 705
1216 702
1218 700
1246 720
1249 721
1241 714
1242 726
1280 623
1276 612
1269 619
1272 624
1274 620
1277 623
1282 632
1238 594
1238 590
1236 592
1242 596
1240 592
1266 596
1280 586
1280 590
1275 592
1276 586
1276 600
1275 477
1216 358
1218 350
1221 352
1217 358
1219 370
1220 360
1220 378
1230 354
1225 351
1242 314
1231 345
1230 326
1222 321
1230 332
1159 394
994 346
988 333
986 341
992 340
986 340
983 338
942 351
924 359
923 359
940 398
935 394
928 388
924 380
929 374
928 378
926 385
772 418
768 408
772 407
766 416
767 417
770 427
774 428
776 404
770 403
771 404
768 400
765 418
756 556
755 552
749 538
756 548
752 544
752 546
749 534
751 542
756 550
760 548
778 556
774 534
784 537
788 536
790 544
792 536
784 531
784 529
779 529
814 538
814 502
809 497
810 500
810 500
818 507
814 506
838 501
835 498
878 546
867 548
872 552
872 556
873 556
880 557
874 554
866 550
864 555
864 557
786 636
773 656
772 657
774 653
772 664
774 660
777 667
773 657
778 661
792 663
852 696
850 700
849 698
852 704
851 697
855 696
858 702
860 704
858 702
853 690
852 700
1021 917
985 785
1002 599
1003 599
998 598
996 604
1000 601
1050 582
1052 580
1048 577
1050 582
1048 587
1051 578
1050 588
1152 605
1148 593
1150 595
1148 606
1143 594
1148 604
1138 596
1146 604
1144 602
1144 602
1142 599
1145 634
1132 645
1134 641
1134 650
1138 650
1137 646
1136 638
1133 641
1136 652
1137 672
1140 708
1142 712
1144 712
1136 712
1134 704
1138 710
1142 708
1139 719
1142 714
1144 711
1139 715
1176 698
1182 711
1182 697
1178 710
1175 700
1177 696
1212 720
1214 718
1215 720
1216 724
1152 748
1151 746
1154 742
1146 719
1044 400
1040 364
1043 366
1042 372
1040 372
1042 377
1038 372
1042 374
1037 376
1046 383
950 388
951 388
946 388
954 380
950 382
950 383
951 378
948 383
777 399
744 408
736 410

Slide #35
746 414
746 409
753 411
744 408
735 404
689 469
697 459
707 494
706 560
978 806
958 550
957 546
952 536
957 544
957 541
958 541
956 536
956 544
957 557
961 547
958 554
963 554
924 450
890 328
891 326
894 318
888 322
889 318
895 324
891 322
890 324
891 344
894 345
887 344
891 344
896 342
894 337
893 338
902 334
890 338
894 338
892 339
894 336
892 330
892 334
895 338
895 336
896 334
895 330
896 366
1231 808
1226 671
1225 672
1230 669
1223 674
1226 674
1223 677
1224 664
1228 674
1220 669
1222 671
1222 674
1226 662
1228 677
1332 646
1564 504
1579 499
1579 501
1574 510
1572 514
1572 508
1569 504
1636 458
1635 462
1626 481
1255 414
1247 328
1238 333
1240 328

Slide #36
1232 331
1231 316
1230 329
1232 331
1228 328
1221 320
1220 326
1226 332
1230 330
1228 330
1214 367
1060 588
1070 570
1065 574
1064 568
1070 576
1070 570
1068 570
1067 572
1069 572
1070 564
1070 568
1070 568
1076 575
1078 575
1078 568
1074 566
1078 578
1080 566
1074 566
1070 561
1079 568
1054 565
1016 559
1020 560
1019 558
1021 560
840 490
682 452
682 458
688 464
679 461
682 458
674 462
681 458
680 460
688 464
671 470
631 466
640 466
636 459
644 466
637 464
638 462
637 466
642 466
639 466
624 575
630 573
622 572
622 571
620 576
626 574
628 574
627 570
616 572
655 580
790 608
786 610
798 616
794 607
792 608
794 613
760 606
760 613
750 604
752 606
764 604
758 603
754 606
762 602
786 706
746 600
742 600
750 612
744 606
746 603
744 606

Slide #37
738 602
742 614
744 608
746 608
748 610
674 600
623 584
623 578
627 578
670 570
922 469
914 474
914 472
914 471
911 461
914 466
916 464
914 460
918 467
915 470
914 468
914 466
995 616
1006 618
1004 624
992 609
1001 616
996 641
736 392
726 385
724 384
728 378
728 385
726 387
726 389
728 390
734 398
730 402
731 396
995 410
1077 416
1088 412
1082 409
1086 413
1080 428
1079 412
1077 411
1078 406
1073 407
1081 404
1081 407
1300 308
1338 290
1324 297
1328 296
1324 304
1333 344
1330 330
1328 318
1334 326
1330 322
1188 318
963 412
972 419
881 461
888 478
874 451
894 482
893 478
866 450
876 438
885 470
884 460
886 466
881 464

Slide #38
879 456
882 541
1170 914
936 624
954 419
957 422
953 414
956 423
949 427
942 427
790 445
781 440
790 464
784 450
790 472
780 452
742 436
746 446
747 436
744 442
742 444
742 428
740 428
740 433
735 430
731 433
738 431
718 425
719 422
713 415
714 415
711 422
718 420
716 420
710 425
718 424
712 422
716 422
713 413
841 461
934 497
940 492
938 490
942 494
934 488
940 492
942 494
940 498
872 470
727 434
725 430
729 426
720 428
724 433
728 430
724 423
722 422
724 431
726 432
724 422
724 430
718 424
724 431
708 431
709 428
705 427
706 423
704 427
712 424
708 430
710 432
714 428
704 426
710 428
708 419
716 419
714 418
710 426
706 422
713 428
938 392
938 392

Slide #39
932 388
938 400
934 389
934 394
935 396
936 386
929 392
932 400
929 394
932 396
837 428
678 462
680 472
672 466
667 470
669 472
672 470
672 474
680 478
680 468
706 467
708 466
702 464
705 464
679 466
680 473
684 466
676 469
675 460
675 460
674 460
496 442
497 444
503 456
510 456
506 451
507 448
503 446
505 450
510 452
506 454
506 454
628 356
720 294
711 290
720 290
718 294
708 291
719 316
720 308
716 305
721 317
728 310
731 312
722 319
730 314
801 360
1072 508
1070 518
1070 512
1064 518
1066 516
1064 514
1069 522
1094 522
1093 528
1086 534
1088 532
1087 524
1090 528
1096 528
1094 521
1091 521
1088 527
1095 526
1097 525
1099 524
1098 528
1098 523
1128 520
1398 396
1431 393
1419 396
1416 396
1417 392
1420 393
1418 396
1420 396
1448 399
1458 394
1460 390
1458 394

Slide #40
1456 401
1456 392
1324 399
877 396
720 397
718 394
713 396
714 398
714 396
711 397
711 398
765 412
856 430
858 433
860 429
860 430
864 428
862 439
859 440
862 434
862 438
848 452
848 456
841 451
845 452
841 461
843 455
933 454
1119 476
1122 474
1122 468
1119 473
1122 470
1118 472
1118 468
1120 474
1116 476
1196 592
1181 600
1185 595
1187 610
1184 607
1180 601
1182 604
1184 602
1184 603
1188 606
1188 602
1178 596
1176 610
996 619
908 630
908 633
909 634
914 636
913 631
910 636
911 634
908 635
906 636
918 646
909 642
905 638
952 657
1031 673
1038 686
1030 673
1034 682
1034 680
1033 668
1031 664
1031 674
1040 668
1035 676
1024 659
868 379
864 366
866 370
862 371
864 369
856 358
854 358
858 360
858 362
862 366
859 372
863 370
736 360
728 358
732 358
734 366
733 366
730 394
888 314
897 307
894 292
895 292
896 288
894 282
892 289
901 305
899 311
898 322
1036 337
1104 338
1110 349
1107 348
1111 350
1112 335
1214 429
1207 418
1207 408
1208 402
1205 391
1201 391
1207 404
1206 414
1219 427
1218 422
1198 443
1190 412
1191 421
1197 447
1194 406
1198 403
1193 403
968 556
822 660
817 664
814 643
810 638
812 644
807 637
812 645
814 644
814 647
816 641
816 642
812 638
810 643
814 648
896 652
896 657
896 653
896 648
889 652
889 646
896 646
892 646
892 646
898 660
854 735
848 740
848 731
855 742
850 738
856 736
856 734
860 738
804 738
800 740
799 741
807 730
792 729
806 728
806 740
806 735
702 564
688 549
688 546
686 552
687 546
690 546
694 545
688 544
688 544
689 544
687 537
684 545
722 582
728 584
726 586
722 586
727 586
718 589
718 581
720 578
721 582
724 582
721 584
880 542
963 502
961 496
962 499
972 501
970 502
966 495
972 500
968 499
970 501
969 508
968 502
970 502
969 506
972 502
970 499
966 504
968 504
966 499
954 460
937 438
938 441
938 433
940 442
936 434
938 438
936 439
940 437
1017 408
1084 376
1066 372
1066 368
1062 374
1064 372
1063 396
1069 376
1067 364
1069 363
1065 371
1072 370
1066 376
1068 375
1064 380
1066 372
1116 315
1132 336
1128 341
1130 342
1130 336
1128 328
1127 330
1126 328
1132 341
1131 343
1134 334
1128 329
1125 329
1086 326
1086 325
1086 326
1091 326
1085 322
1081 322
1080 326
1079 322
992 338
814 339
812 349
814 354
810 350
812 346
805 346
808 351
806 348
712 354
706 359
704 362
705 367
699 348
702 357
697 360
830 376
1064 406
1066 405
1056 402
1051 394
1058 398
1057 404
1058 408
1052 392
1053 404
1050 397
1052 398
1060 402
1050 404
785 334
768 331
776 339
770 338
776 338
769 327
770 332
772 332
773 330
772 338
823 362
830 378
831 375
828 372
844 391
834 376

Slide #41
834 378
833 376
840 370
833 368
836 376
874 620
952 522
940 432
945 432
946 448
881 486
730 586
731 594
735 593
728 591
742 598
738 597
732 590
736 594
738 594
732 594
740 608
756 689
766 700
765 693
766 684
768 697
762 686
764 694
767 697
762 695
767 688
762 686
757 680
764 689
766 689
760 684
765 690
770 688
765 694
756 684
770 686
762 690
756 692
758 691
758 684
768 689
762 688
758 680
758 685
758 680
757 682
764 690
764 690
768 686
759 682
758 678
761 690
756 682
762 685
756 682
754 681
759 686
752 684
759 684
760 679
757 684
759 686
758 687
758 684
758 684
754 692
759 684
758 695
759 684
755 691
758 692
753 679
764 685
756 686
766 691
757 685
757 678
756 682
766 692
764 688
762 684
