
Slide #1
1043 498
948 454
799 424
798 447
804 406
812 431
795 417
787 448
803 439
876 396
892 387
880 372
891 390
887 374
900 378
888 374
882 394
890 376
895 383
877 374
888 386
878 374
895 373
878 389
890 397
890 373
892 383
974 550
970 542
1019 512
974 536
978 496
988 517
988 504
966 522
978 537
970 512
965 506
970 494
966 504
969 524
964 556
965 533
964 500
962 490
972 520
960 529
952 554
946 515
956 532
962 538
958 554
954 534
958 530
935 532
936 521
954 525
951 520
950 527
932 528
852 529
842 519
837 520
846 568
828 537
852 532
854 514
837 563
841 540
838 534
838 528
851 540
829 531
839 540
871 552
990 554
978 526
968 548
952 556
968 550
956 572
972 532
947 549
968 542
970 556
964 580
961 564
886 772
922 678
919 780
906 808
904 816
916 786
902 796
897 832
912 804
906 800
916 793
929 745
789 782
402 697
96 594
87 576
74 602
70 602
59 590
89 596
81 578
66 582
49 595
68 582
80 580
83 590
78 578
63 580
68 602
163 588
783 572
1160 604
1166 606
1174 618
1172 603
1162 593
1153 629
1170 624
1152 572
1162 590
1160 613
1166 580
1164 588
1144 604
1136 646
1166 592
1166 617
1164 593
1536 782
1634 820
1690 798
1694 811
1656 822
1638 830
1656 808
1626 831
1686 814
1240 855
1154 812
1150 838
1161 860
1148 810
1062 1065
1034 973
1055 614
1104 439
1100 474
1113 486
1098 485
1097 567
1086 571
1096 568
1092 557
1096 553
1086 568
1080 558
1086 564
1088 560
1096 556
1099 574
1016 503
1007 464
1014 483
1008 480
1010 480
1012 480
1000 473
998 481
1004 472
1005 464
1011 493

Slide #2
1008 472
1011 465
994 482
998 474
1002 485
1000 497
1008 473
1006 472
990 488
994 478
1006 474
993 474
968 658
973 681
974 667
976 678
977 666
988 649
970 666
976 642
936 692
830 722
830 708
820 698
822 698
822 728
820 690
846 710
841 758
777 736
672 594
692 657
680 656
684 628
656 582
676 618
668 596
674 604
662 509
652 548
664 478
651 482
656 483
665 507
661 516
670 525
656 510
650 514
688 522
680 508
684 498
670 508
698 506
688 518
736 518
900 762
904 778
892 760
893 752
888 736
896 767
900 775
894 736
954 738
958 721
978 749
968 740
966 737
974 749
956 748
982 754
980 764
964 724
1002 751
1014 729
1006 730
1010 753
1008 742
1010 738
993 744
1016 752
994 776
1069 580
1106 524
1108 529
1104 541
1100 549
1106 540
1118 442
1132 417
1119 410
1124 423
1125 420
1112 416
1114 422
1116 420
1116 412
1140 344

Slide #3
1146 332
1140 349
1146 328
1129 333
1146 330
1247 502
1288 590
1262 606
1289 611
1282 614
1280 584
1280 601
1266 618
1084 618
984 628
966 593
975 585
972 570
979 590
977 624
968 569
908 601
889 566
892 560
902 609
882 584
894 579
896 575
896 575
874 600
880 579
882 618
880 586
874 599
888 603
882 612
962 477
986 478
970 476
988 476
974 492
970 499
974 480
980 464
976 480
988 472
978 497
968 460
964 470
1150 494
1150 481
1158 489
1142 492
1145 476
1156 488
1152 481
1156 492
1222 528
1270 589
1250 593
1258 592
1254 574
1250 580
1248 590
1280 608
1253 589
1258 561
1250 624
1246 610
1260 613
1254 588
1256 577
1192 474
1193 494
1206 498
1206 484
1198 498
1198 471
1190 480
1190 480
1196 466
1212 464
1196 529
1202 472
1210 473
1204 479
1202 473
1211 458
1208 512
1208 518
1211 518
1253 496
1434 520
1439 492
1436 510
1431 502

Slide #4
1430 492
1424 492
1417 498
1413 490
1420 502
1416 516
1416 518
1212 470
1234 256
1200 476
1209 502
1212 479
1213 489
1124 495
974 619
992 354
991 608
992 604
980 609
982 584
881 606
734 663
738 652
732 663
713 636
738 654
714 648
686 632
677 638
697 639
699 650
710 668
686 658
650 721
636 714
656 741
652 716
668 736
682 763
646 760
642 762
654 754
628 732
642 758
621 736
633 755
648 762
933 641
1023 608
998 612
1013 627
1018 643
1008 627
1022 640
1002 611
989 608
1002 427
999 437
1008 434
1000 456
1004 442
1011 448
1000 432
1008 442
1002 464
1005 446
1004 446
1008 441
1010 442
1006 438
1012 448
1014 442
1008 460
996 468
898 564
898 541
886 568
888 542
896 554
900 553
894 564
900 544
898 541
1005 563
987 574
1000 560
1002 563
998 548
990 558
988 562
1008 552
1014 555
1000 542
1002 571
984 560
904 548

Slide #5
882 547
880 530
878 522
896 304
882 560
876 544
880 573
886 538
882 543
883 542
883 542
932 541
988 544
982 579
988 560
994 569
992 571
993 557
983 574
976 562
1038 639
1034 630
1039 638
1034 653
1034 650
1033 650
1036 607
1024 618
1053 651
1040 642
1023 647
1033 654
1026 626
1035 610
948 525
895 464
898 464
892 491
892 468
861 408
840 314
828 324
849 325
836 322
830 337
836 322
848 318
848 271
842 285
842 263
834 266
836 265
827 274
758 314
754 308
758 319
767 302
754 311
766 322
854 323
893 298
889 304
892 302
900 284
894 307
891 288
884 300
888 294
899 310
913 418
1080 578
1114 590
1096 616
1106 596
1092 605
1094 582
1093 576
1250 724
1249 714
1244 722
1236 694
1246 703
1258 694
1251 609
1242 696
1248 710
1240 681
1014 616
994 645
1010 666
1025 660
1020 650
1019 658
1024 652
1162 629
1254 688
1262 674

Slide #6
1248 676
1270 664
1262 700
928 780
577 713
643 804
658 811
674 820
665 814
666 834
666 826
716 742
769 552
767 560
766 538
768 572
776 551
774 586
902 546
1042 512
1038 513
1038 497
1038 506
1028 502
1028 502
1032 508
1025 509
1046 509
1028 518
1025 515
824 469
807 481
792 455
808 485
813 468
818 479
814 482
736 499
732 511
723 484
733 505
717 502
741 514
864 504
1002 525
994 530
992 532
988 514
996 534
984 550
985 511
1014 346
996 528
986 526
992 522
988 520
979 532
992 522
993 534
986 519
992 509
988 525
1003 541
1115 444
1136 426
1132 425
1126 448
1124 437
1118 424
1124 453
1126 438
1120 434
1122 436
1124 446
1126 335
1125 340
1118 311
1110 321
1118 319
1132 332
1000 356
959 355
963 380
966 368
970 371
964 370
968 356
974 354
962 362
968 361
971 366
963 354
959 358
935 382
672 582
668 624
668 622
668 606
659 600

Slide #7
680 624
665 598
663 615
654 620
690 790
703 829
677 766
684 774
686 788
684 758
728 744
894 600
886 587
884 606
890 610
904 605
899 620
902 602
902 596
897 616
890 610
897 610
886 617
920 528
917 551
914 543
916 542
764 610
774 584
764 592
787 654
776 622
780 602
756 586
906 624
1166 724
1150 680
1156 690
1152 714
1164 720
1156 698
1149 716
1147 712
1154 706
1153 708
1143 719
1220 675
1227 646
1230 662
1226 633
1238 650
1248 634
1230 656
1232 648
1232 656
1228 624
1240 642
1205 578
1140 432
1147 446
1146 429
1160 430
1141 438
1144 442
1080 385
1078 388
1088 384
1084 386
1085 376
1074 384
956 332
900 333
896 340
898 344
912 344
900 333
900 329
900 326
907 350
904 342
900 330
902 328
902 386
911 398
911 399
900 396
913 382
919 380
912 382
918 398
910 406
916 382
914 388
769 524
773 508
778 504
773 524
774 507
774 504
763 504
774 499
776 542
777 544
760 572
734 674
752 686
748 700
750 699
746 732
740 670
742 687
729 659
740 678
767 692
740 730
706 711
750 788
736 735
728 718
737 742
708 716
714 721
724 735
741 728
758 784
720 703
740 730
744 733
894 544
910 522
914 526
910 538
912 519
914 546
914 548
906 540
925 542
882 490
891 476
872 460
884 448
890 469
888 454
883 478
870 467
878 472
878 466
887 482
880 439
871 413
880 408
882 402
874 397
886 404
878 426
870 408
907 372
959 376
959 353
962 370
950 362
960 362
948 354
960 368
956 351
952 364
806 356
782 378
782 369
791 372
784 370
780 361
788 366
779 354
740 348
742 350
743 352
739 356
737 348
746 350
754 348
738 347
1018 432
1088 469
1083 478
1079 472
1079 473
1082 480
1078 475
1081 469
1077 480
1084 474
1090 469
1080 485
1092 494
1108 451
1124 446
1126 442
1114 454
1118 447
1124 431
1114 445
1128 470
1110 450
1120 456
1120 446
1117 452
1175 436
1164 435
1162 443
1166 450
1154 454
1162 436
1169 450
1159 442
1168 440
1216 592
1206 626
1214 650
1200 608
1208 606
1211 634
1214 644
1218 616
1216 604
1217 626
1206 618
1214 600
1211 598
1213 648
1240 710
1238 722
1235 699
1234 712
1226 722
1248 725
1246 684
1244 724
1238 710
1233 706
1251 724
1074 708
904 692
906 694
890 658
908 680
884 674
892 710
896 700
898 712
901 704
903 680
900 660
890 668
902 679
890 681
886 680
897 676
952 675
969 696
956 655
962 696
962 691
960 669
958 670
968 698
967 682
1042 612
1052 588
1044 612
1029 620
1047 603
1055 598
1033 590
1046 594
1044 615
1052 589
1037 599
1074 546
1070 548
1067 533
1066 555
1074 553
1067 542
1075 553
1070 561
1061 538
1058 565
1082 501
1073 484
1086 500
1067 498
1075 496
1068 496
1078 501
1073 514
1076 513
1113 471
1130 481
1124 486
1136 491
1140 461
1139 468
1141 460
1139 489
1143 496
1130 496
1127 484
1128 475
1110 471
1104 462
1109 448
1096 458
1100 477
1106 478

Slide #8
1103 486
1100 474
1106 470
1104 462
1114 466
1180 420
1173 428
1192 423
1182 436
1186 419
1212 423
1180 436
1044 497
1042 500
1058 502
1038 494
1039 502
1040 476
984 492
917 509
904 492
908 500
894 494
897 512
898 508
904 496
912 526
1100 466
1112 452
1104 480
1111 470
1102 470
1111 482
1108 474
1134 442
1128 434
1134 450
1133 425
1120 438
1176 330
1228 306
1234 294
1222 294
1218 278
1240 296
1223 302
1226 299
1215 288
1214 296
1219 282
1212 292
1217 300
1236 305
1248 288
1246 302
1248 308
1234 296
1250 293
1238 314
1250 296
1312 434
1304 670
1312 673
1316 641
1318 647
1313 666
1321 690
1316 651
1259 760
1266 770
1248 784
1260 773
1242 778
1256 772
1178 794
1140 820
1138 800
1141 824
1138 804
1150 827
804 798
735 790
742 806
725 796
749 812
748 804
730 789
714 832
695 820
690 821
728 834
702 828
688 829
708 824
692 818
710 826

Slide #9
702 856
592 858
588 856
586 846
596 870
612 900
586 850
591 881
592 864
622 826
887 674
880 670
888 686
884 709
880 696
881 700
910 677
936 598
950 624
944 612
942 617
946 619
947 614
954 614
943 623
944 620
954 650
950 624
935 678
932 682
916 666
926 672
927 686
920 680
924 700
816 772
802 731
808 741
803 738
804 740
808 741
806 733
809 742
808 755
817 746
814 745
800 734
800 734
923 666
1002 594
1010 620
1000 592
1004 598
1009 599
1008 621
1003 598
999 592
1012 638
1012 604
1004 617
1010 579
1019 570
1016 588
1009 564
1044 595
1174 618
1160 602
1168 612
1172 614
1171 630
1172 616
1164 622
1174 609
1160 614
1175 602
1159 600
1170 620
1168 610
1176 630
1174 604
1060 608
1052 574
1049 586
1052 580
1054 568
1032 571
1049 565
977 424
970 408
977 420
976 430
980 406
986 418
978 425
986 432
972 431

Slide #10
800 450
799 464
805 462
810 466
806 481
810 475
831 458
928 440
932 464
931 445
934 453
932 456
924 444
931 459
922 454
926 454
922 458
913 464
918 462
918 426
964 395
960 394
952 399
964 401
1034 439
1098 422
1096 423
1108 448
1108 445
1104 450
1094 452
1094 428
1093 444
1096 443
1096 426
1100 420
875 363
692 318
697 310
686 308
681 305
678 300
676 316
674 288
684 296
664 306
587 369
597 359
594 371
596 370
592 374
580 370
643 366
640 357
648 364
652 360
634 348
655 370
652 324
650 336
658 333
656 346
662 340
657 334
650 340
653 340
653 339
652 336
664 346
654 348
660 336
656 332
655 328
660 332
668 341
654 338
580 385
562 422
544 418
535 372
524 413
514 384
542 389
522 404
515 383
522 374
573 452
870 651
878 702
861 688
878 670
876 668
864 688
874 663
864 592
876 692
868 546
840 562
848 578
846 590
834 588
843 596
830 592
822 564
824 560
862 569
840 546
834 574
832 584
809 586
808 568
812 575
838 535
806 596
820 589
822 588
807 578
830 578
803 572
808 590
808 601
808 597
812 588
812 588
834 558
818 579
813 589
804 582
815 593
812 610
812 592
794 615
708 414
710 424
714 418
710 407
712 418
701 421
721 416
704 435
717 428
710 402
634 365
614 336
614 346
610 345
628 361
628 331
628 346
642 346
636 340
640 341
653 360
634 355
646 343
630 336
648 350
828 478
973 649
968 634
956 636
974 659
975 652
987 643
978 684
964 689
988 640
674 564
630 356
630 384
626 351
636 323
630 320
628 314
621 302
626 315
619 329
626 320
614 316
641 310
660 336
639 326
646 332
640 325
648 327
637 322
646 325
640 316
656 327
644 320
649 312
642 330
652 314
646 319
630 327
648 324
636 303
644 319
648 308
642 338
634 312
642 326
654 336
647 318
644 320
634 330
653 310
642 324
640 334
642 323
635 311
654 319
637 324
650 329
654 328
646 315
640 330
646 331
646 338
652 322
663 318
641 341
628 338
643 329
644 318
638 347
640 331
634 334
638 334
648 334
638 338
644 344
646 344
646 349
642 344
648 350
648 342
642 345
653 357
648 344
644 359
632 346
638 332
643 344
650 338
629 360
644 348
632 368
644 360
638 340
628 355
642 354
643 358
632 346
632 359
624 354
626 358
636 353
632 347
646 348
645 342
640 358
638 347
635 341
627 363
630 360
627 346
635 356
636 328
635 348
642 352
622 344
643 354
626 343
636 356
643 342
637 331
638 336
634 340
635 343
632 351
645 337
626 338
636 355
640 341
636 354
646 362
638 349
640 353
650 354
630 348
642 360
631 344
630 326
646 341
630 348
644 358
644 342
638 338
642 341
630 334
640 338
642 345
635 355
636 350
638 344
646 352
640 336
654 342
634 344
654 342
636 337
653 348
646 341

Slide #11
649 340
648 328
654 344
644 311
646 340
646 337
640 347
650 340
706 362
847 436
829 437
832 443
834 428
830 450
831 427
838 449
816 230
844 448
788 443
690 372
698 395
716 390
708 375
707 382
702 412
671 395
676 410
681 404
663 407
696 414
682 397
740 429
1004 560
984 586
1001 550
996 574
987 594
992 562
990 562
1031 428
1038 393
1030 426
1019 422
1030 412
1036 388
1031 411
1046 406
1155 656
1196 656
1180 688
1174 629
1168 695
1184 608
1166 638
1178 665
1168 663
982 636
870 603
881 634
880 586
864 618
904 596
855 592
894 580
866 616
879 604
882 570
874 618
862 612
862 616
872 624
844 638
834 667
844 637
856 644
834 640
848 657
1043 576
1186 542
1162 546
1162 558
1173 549
1171 556
1180 520
1169 562
1166 565
1152 560
1168 562
1162 530
1120 450
1100 430
1108 445
1104 436
1106 441
1097 456
1104 442
1116 442
1038 428
1025 400
1024 407
1016 415
1025 412
1028 420
1014 410
1026 406
1022 420
1021 426
1026 409
1024 420
1014 428
1030 429
1035 410
1033 416
1060 408
1044 415
1038 421
1043 412
1044 416
1044 408
1110 377
1128 382
1128 374
1140 376
1133 361
1124 369
1132 366
1128 354
1126 374
1113 376
1128 364
1118 363
1134 358
1136 362
1126 384
1122 366
1070 449
1086 500
1078 546
1076 516
1066 510
1068 515
1076 496
1084 495
1074 526
1068 500
1070 491
1078 484
1078 509
1082 505
1074 510
1166 516
1165 460
1164 492
1164 502
1168 520
1160 488
1162 497
1190 507
1176 498
1172 507
1181 507
1197 498
1178 502
1184 522
1188 475
1184 492
1196 494
1187 509
1114 492
1101 478
1108 475
1111 484
1112 478
1116 482
1108 509
1114 504
1102 489
1116 476
1108 456
1081 471
1086 482
1080 474
1079 482
1076 486
1081 484
1066 584
1081 555
1090 569
1092 556
1078 558
1088 548
1092 566
1075 560
1072 567
1068 580
1070 560
1072 560
1074 560
1081 546
1078 544
1076 578
1077 548
1066 556
1070 574
1062 556
1060 542
1067 542
1066 567
1067 534
1058 554
1077 590
1079 610
1077 604
1090 588
1064 613
1069 638
1097 562
1085 599
1090 594
1086 600
1078 635
1070 616
1088 584
1078 628
1074 600
1068 596
1057 564
1059 618
1064 600
1054 600
1062 578
1054 615
1058 590
1053 589
1052 598
1050 599
1062 597
1051 632
1004 566
986 579
992 566
990 573
994 581
996 548
986 562
980 566
971 567
992 568
989 559
1000 572
980 534
979 516
992 579
986 590
977 584
989 574
1064 546
1072 556
1054 573
1054 584
1062 549
1067 557
1055 543
1062 542
1064 581
1048 560
1049 572
1072 545
1053 570
1064 558
1062 571
1068 571
1062 538
1067 540
1076 544
1059 570
1059 592
1078 546
1072 566
1067 560
1074 560
1070 560
1081 555
1065 548
1057 556
1070 572
1070 554
1052 563
1070 532
1069 544
1082 564
1068 568
1062 547
1064 542
1063 550
1066 568
1066 536
1068 564
1068 560
1062 549
1076 533
1074 544
1066 552
1064 569
1068 554
1086 550
1075 532
1056 535
1077 533
1068 547
1088 552
1069 546
1070 568
1068 547
1146 644
1136 638
1148 652
1156 600

Slide #12
1402 508
1064 533
1081 562
1070 558
1086 544
1093 536
1080 544
1084 526
1066 558
1134 511
1080 544
972 518
974 530
976 518
975 552
975 526
972 540
967 537
963 522
966 523
881 529
830 591
830 578
820 598
804 634
796 607
808 590
821 620
818 604
819 584
819 598
807 620
806 640
818 583
815 600
798 594
814 622
928 584
1000 588
992 600
977 620
980 640
995 599
1002 582
1002 625
1005 582
998 586
994 604
990 568
1006 473
993 470
985 466
987 473
976 470
986 480
981 474
986 476
994 496
990 484
976 446
988 402
992 425
980 404
981 400
988 410
981 437
982 420
988 414
1086 434
1090 443
1086 452
1080 442
1088 439
1093 426
1078 440
1056 353
1063 356
1054 354
1066 365
1062 331
1042 354
1064 373
1066 366
1066 349
1064 372
1072 358
1060 366
1024 349
1009 358
1000 368
999 346
1000 357
990 349
997 364
1000 346
1000 352
998 342
996 332
942 370
825 446
816 427
823 417
805 414
828 417
812 408
816 410
827 412
813 416
825 424
806 420
816 422
816 412
745 436
734 424
746 420
748 420
746 432
834 426
865 448
876 444
874 448
868 419
881 421
880 418
866 420
866 432
868 412
868 420
840 424
798 410
809 410
802 416
810 414
806 400
798 408
938 424
923 442
922 429
914 429
926 437
932 447
922 428
925 434
924 434
930 436
928 429
933 440
932 447
922 449
924 443
845 494
739 653
729 676
726 692
732 682
714 656
767 648
748 640
718 695
716 684
738 626
719 671
732 604
732 673
820 577
922 488
911 512
914 522
910 518
924 533
911 508
922 516
950 495
947 492
947 488
959 490
948 492
986 462
1108 542
1114 556
1125 534
1122 508
1125 532
988 452
942 476
942 476
958 494
946 474
947 482
946 490
956 480
955 476
956 476
949 452
969 428
962 426
962 428
945 433
960 418
964 438
960 417
970 434
974 450
974 456
962 446
956 468
974 423
1142 580
1118 576
1111 594
1116 598
1118 591
1103 607
1194 729
1206 715
1201 740
1204 728
1215 716
1174 746
1184 734
1187 748
1190 735
1180 750
1190 744
1128 716
988 682
992 697
1007 675
998 694
1002 674
1000 701
990 692
877 653
830 640
824 628
816 626
828 667
805 667
736 702
718 680
716 686
716 680
722 670
712 702
714 706
710 696
712 676
716 682
706 707
710 700
749 608
732 636
704 636
730 587
738 634
730 612
710 638
714 660
728 629
737 618
730 612
719 627
720 607
734 588
730 618
746 610
737 588
744 612
718 644
734 606
710 632
733 616
724 620
730 626
752 588
742 590
729 634
714 596
730 592
702 628
746 610
729 600
706 660
732 598
712 646
705 632
738 622
699 642
712 640
716 641
723 600
702 626
744 606
714 600
732 598
710 640
740 596
742 594
740 617
738 628
753 576
706 615
726 629
724 608
738 604
710 652
707 652
716 601
709 642
718 650

Slide #13
700 650
722 624
709 638
741 596
715 648
694 669
716 640
723 622
696 650
697 634
819 634
958 620
961 644
960 621
960 618
960 634
1023 691
1068 710
1070 692
1056 728
1064 702
1072 705
1044 734
1056 708
1058 730
1073 729
1028 672
1027 636
1011 668
1024 632
1023 640
1024 632
1016 665
1093 701
1236 788
1232 792
1238 774
1250 763
1240 760
1207 794
1230 774
1227 784
1246 782
1225 805
1224 780
1232 790
1236 784
1246 794
1244 790
1236 785
1246 789
1220 794
1226 788
1247 784
1214 774
1118 750
1138 726
1122 720
1134 733
1104 724
1120 732
1108 752
1102 742
1170 628
1180 628
1210 599
1176 664
1188 633
1173 644
830 610
626 624
642 599
634 594
649 616
646 585
649 598
642 594
642 610
536 576
558 578
550 618
560 626
545 592
552 616
552 616
542 609
540 621
534 559
532 593
536 576
530 590
532 573
642 588
727 678
739 687
738 694
742 675

Slide #14
742 664
740 670
734 678
824 572
854 484
836 480
844 489
857 476
838 483
842 484
838 502
838 502
848 468
854 477
934 514
929 455
944 500
928 496
938 496
930 484
939 509
862 611
846 714
846 732
820 760
836 697
829 718
840 734
726 810
742 782
746 826
746 802
744 810
732 810
744 816
734 807
752 813
830 550
836 541
835 542
840 514
829 524
826 442
833 469
834 452
832 450
836 452
818 444
828 450
836 445
826 460
826 436
828 458
818 436
842 430
729 437
678 436
678 439
670 445
684 430
674 432
664 434
649 434
645 429
652 436
643 438
647 430
637 427
947 440
1158 384
1154 418
1160 404
1169 380
1176 406
1168 396
1164 396
1159 400
1150 400
1152 412
1064 390
1026 406
1034 388
1032 395
1030 391
1022 390
1026 394
1030 417
1022 392
1198 334
1244 338
1230 339
1224 352
1220 365
1220 348

Slide #15
1226 336
1222 354
1236 348
1037 348
976 364
987 362
973 384
986 369
978 351
986 361
877 420
838 476
839 485
831 471
823 476
742 486
750 488
746 486
747 482
746 486
726 458
720 467
712 456
748 518
720 476
717 474
716 477
702 456
712 474
715 481
722 450
713 472
714 468
699 452
714 465
715 462
703 450
712 468
704 442
694 447
705 447
694 452
794 474
971 606
965 607
967 656
973 616
982 593
974 588
969 586
986 591
979 610
964 612
952 634
961 640
954 620
944 614
960 642
954 620
953 650
939 627
932 635
936 662
944 664
928 640
937 666
947 653
944 646
942 629
866 677
778 676
768 676
772 677
778 672
758 663
770 676
775 644
780 685
770 659
972 722
996 708
1006 714
1021 680
1000 728
977 757
1008 748
1013 727
1005 725
992 756
904 677
894 622
900 619
905 656
890 678

Slide #16
883 672
898 668
821 567
802 516
810 546
806 542
804 544
796 535
808 534
802 545
790 555
812 547
808 541
860 536
938 582
957 561
940 573
944 580
952 544
944 561
959 588
949 548
942 568
964 570
1290 748
1365 772
1349 779
1358 694
1374 780
1376 785
1364 753
1372 770
1389 634
1439 554
1448 554
1428 550
1428 546
1444 532
1434 554
1434 544
1436 556
1438 540
1370 540
974 574
964 556
966 553
970 546
959 554
958 582
973 606
960 560
972 567
962 562
962 588
842 650
831 644
820 598
836 640
832 640
816 621
838 646
829 635
832 649
854 572
889 570
896 572
902 564
902 572
898 573
893 575
909 571
897 564
906 589
902 574
897 586
892 548
886 585
901 554
893 570
900 554
896 562
895 568
900 559
912 556
906 570
890 590
888 570
893 558
893 554
894 551
907 564
901 568
902 562
891 551
897 568
902 570
895 572
908 532

Slide #17
908 560
901 552
910 537
914 562
914 550
898 550
897 539
902 556
904 553
911 554
901 540
1040 596
1032 594
1031 598
1034 604
1035 583
1026 600
1036 608
1030 603
1022 581
1025 602
1028 602
1020 606
1022 615
1012 614
1022 600
1014 606
1022 608
1031 610
1054 586
1056 619
1056 593
1036 598
1051 592
1050 614
1046 600
1048 582
1052 595
1248 588
1352 606
1349 610
1358 577
1352 614
1344 580
1355 570
1376 596
1368 557
1382 586
1372 595
1376 594
1370 559
1394 573
1390 574
1376 584
1406 552
1388 588
1406 588
1378 602
1394 636
1387 597
1386 630
1404 609
1384 590
1388 594
1386 606
1386 616
1389 616
1370 564
1374 566
1372 577
1378 542
1393 590
1388 568
1388 565
1389 554
1374 574
1146 482
1100 478
1100 480
1093 494
1104 473
1100 456
1099 500
1103 472
1102 466
1095 469
1102 482
948 491
754 584
755 585
766 604
762 586
768 595
752 572
767 594
752 578
630 665
637 683

Slide #18
636 671
629 694
642 690
634 689
646 694
754 668
1020 644
1008 654
1022 634
1017 634
1020 648
1028 652
904 506
891 511
890 484
826 424
836 438
828 434
830 444
820 436
830 444
810 432
822 420
810 417
816 435
821 438
811 432
998 429
1029 446
1024 461
1028 450
1033 464
1035 460
1040 441
1316 454
1319 444
1307 450
1311 448
1307 443
1297 446
1224 446
1224 446
1224 454
1222 438
1230 434
1213 448
1212 454
1216 456
1224 451
1248 488
1252 538
1247 504
1250 514
1254 521
982 445
682 396
682 402
678 377
685 382
683 390
676 384
697 290
692 290
693 308
690 303
698 300
692 308
686 290
691 308
690 300
670 310
720 404
708 404
720 416
718 398
721 416
718 402
720 408
711 408
604 490
580 470
580 474
590 472
580 472
586 472
585 471
581 476
583 482

Slide #19
600 490
689 425
682 438
673 431
678 438
690 429
692 436
708 432
702 422
704 431
710 428
712 419
708 414
722 422
766 492
792 490
778 484
784 488
774 494
768 608
775 606
776 627
774 637
776 610
786 630
786 624
776 626
785 628
763 622
774 618
762 623
755 609
756 545
770 382
778 373
778 389
769 391
776 382
776 400
766 398
844 393
1092 412
1102 388
1094 400
1095 406
1100 424
1106 390
1104 405
1100 402
1218 406
1238 414
1228 420
1224 406
1224 398
1227 401
1229 408
1215 363
1222 365
1228 386
1216 371
1218 356
1213 364
1176 475
1162 470
1162 478
1167 471
1166 480
1166 468
1156 455
1174 486
1181 487
1168 476
1176 504
1172 504
1172 483
1174 494
1174 492
917 472
531 447
538 442
560 433
513 402
520 410
538 433
519 419
528 420
528 412
528 426
518 408
516 412
695 416
836 394
842 406
830 382
856 376
842 422

Slide #20
837 410
832 427
962 386
1009 373
998 390
1007 396
1011 384
1000 392
997 389
996 382
996 394
996 402
1008 394
978 458
968 448
972 465
974 485
957 467
946 451
1041 413
1043 430
1041 434
1036 416
1048 421
1028 428
1036 412
1038 409
1034 426
1032 420
1018 412
1005 402
1019 415
1012 394
1006 404
1034 395
1008 413
1008 402
1098 386
1120 382
1114 380
1104 398
1107 386
1111 396
1118 394
1120 386
1100 378
1037 425
796 622
764 508
755 650
756 643
776 649
776 620
782 626
764 678
781 670
766 656
762 676
753 644
778 678
782 643
760 658
767 658
727 603
736 636
737 609
735 600
744 625
738 597
733 598
742 595
590 600
564 558
574 576
586 572
576 584
576 600
568 578
574 572
573 594
556 568
568 600
609 500
605 478
609 518
606 488
593 510
614 528
611 508
744 522
947 512
930 501
934 497
932 502
926 500
928 518
949 484
930 520
931 508
926 504
924 504
901 516
912 520
904 538
908 533
929 517
916 515
902 494
1004 594
1160 760
1172 710
1176 707
1168 676
1126 794
1119 804
1168 792
1140 796
1167 739
1166 798
1152 730
1117 811
1170 797
1159 760
1142 772
1141 857
1217 828
1215 862
1210 876
1213 868
1234 854
1216 865
1276 890
1282 852
1264 895
1262 884
1282 874
1238 770
1188 567
1180 574
1178 606
1199 574
1182 572
1180 562
1204 552
1191 546
1183 604
1255 536
1267 556
1278 534
1286 539
1260 542
1276 542
1259 550
1266 549
1258 544
1273 542
1273 526
1260 564
1254 436
1246 420
1238 396
1234 420
1250 407
1242 424
1248 418
1252 426
1239 426
1246 413
1226 402
1220 402
1218 392
1208 424
1248 390
1228 412
1076 348
1037 344
1048 348
1032 354
1049 336
1026 336
1044 344
1036 328
1038 336
1036 336
1033 335
1030 346
1037 336
1042 348
1026 338
1013 324
999 308
1018 318
1003 238
1004 305
1004 303
1014 314
840 348
750 376
758 368
753 372
750 374
752 368
737 364
744 386
734 373
740 388
749 366
664 397
662 406
657 396
663 398
658 408
669 404
656 416
656 413
650 399
653 390
652 391
680 409
721 408
720 406
712 408
724 418
706 412
654 518
634 550
656 554
646 538
642 527
644 540
635 544
642 549
638 550
636 542
642 624
638 602
652 622
640 615
654 610
645 617
641 638
666 606
594 781
606 734
586 793
580 806
574 766
570 777
596 783
576 787
592 806
609 640
620 628
584 726
594 743
600 712
600 732
597 792
582 748
598 782
588 680
588 796
578 768
600 802
606 787
595 694
588 680
602 702
584 686
590 682
576 683
580 684
573 648
580 627
568 616
581 624
586 636
576 634
594 630
568 638
623 588
614 616
606 602
603 637
598 580
614 578
607 571
652 508
644 516
662 513
650 511
654 504
652 541
646 499
642 526
636 514
650 516
660 527
650 500
656 518
660 520
652 524
654 513
586 411
583 430
579 410
576 415
568 428
572 404
586 414
572 404
579 405
584 423
574 386
564 372
568 366
556 376
569 362
560 370
553 370
558 374
477 388
482 414
492 410
488 426
478 406

Slide #21
490 400
472 408
471 375
479 370
474 390
479 376
476 371
471 387
486 379
468 368
494 366
798 414
811 405
800 419
813 416
800 402
808 416
805 412
798 485
794 494
806 510
806 499
802 502
731 556
722 566
739 510
738 552
732 566
754 543
927 433
922 408
932 431
932 440
926 423
941 418
922 399
940 427
936 423
913 423
910 406
915 416
904 394
804 404
814 417
801 413
792 400
800 408
800 398
804 390
808 396
805 392
802 404
1002 476
1137 602
1129 568
1112 572
1130 576
1132 556
1144 568
1139 576
1125 563
1140 567
970 714
950 705
956 716
931 742
952 721
952 742
953 730
951 722
884 707
884 670
870 694
886 676
904 688
874 709
875 707
885 680
864 693
871 702
874 702
877 706
943 303
815 586
794 590
796 603
796 544
796 411
804 431

Slide #22
798 431
806 431
816 437
814 428
807 428
802 444
808 434
802 434
806 431
794 428
790 412
806 418
936 544
950 517
932 524
930 556
928 528
932 532
826 519
808 508
800 515
808 520
809 520
809 506
796 526
816 482
816 478
814 494
810 499
812 504
807 500
764 484
766 476
758 495
762 482
750 474
758 474
738 582
732 568
734 584
730 566
738 560
740 566
740 548
743 564
743 577
744 555
748 551
745 557
782 680
790 698
794 692
793 662
795 646
818 626
808 508
787 526
795 508
789 500
794 500
787 486
784 520
768 514
809 468
811 504
814 476
814 478
821 508
808 496
815 486
883 536
1128 718
1149 722
1144 700
1152 685
1144 687
993 685
1012 668
1006 686
1192 702
1194 679
1212 681
1201 668
1203 672
1209 674
1232 674
1222 656
1210 676
1246 648
1218 662
1210 664
1213 658
1224 668
1218 668
1218 676
1214 659
1210 658
1208 666
1218 654
1181 470
1176 464
1160 484
1172 484
1174 456
1164 450
1166 483
1166 446
1178 460
1186 453
1178 464
1178 468
1170 468
1170 460
1178 456
1169 484
1172 459
1172 484
1177 486
1172 440
1126 520
1057 658
1054 644
1060 639
1052 650
1060 638
1066 631
1073 632
1070 630
1066 624
1056 643
1020 654
1017 626
996 646
1009 660
922 676
918 676
929 684
918 698
916 706
906 698
907 730
914 718
914 710
904 692
900 686
906 706
912 722
824 630
805 655
794 658
803 654
796 642
802 651
805 662
805 659
811 656
798 660
796 679
799 674
794 654
738 722
746 743
738 718
742 707
752 728
745 726
738 700
736 704
726 692
735 708
738 690
740 692
715 581
692 600
678 578
699 568
695 581
706 593
702 562
683 600
691 544
690 557
696 559
691 560
688 584
701 583
712 576
695 592
690 589
687 587
693 580
690 586
690 587
671 620
685 599
748 540
946 434
973 414
960 421
966 420
964 420
961 399
970 408
968 406
948 411
964 402
953 422
966 418
938 417
896 433
902 420
898 418
885 422
890 409
904 430
892 418
876 386
845 394
844 388
844 379
844 381
848 370
848 385
840 384
846 374
842 384
833 383
852 394
846 391
874 388
1162 384
1180 371
1180 383
1155 374
1168 350
1160 361
1170 382
1166 376
1168 370
1165 357
1168 364
1208 422
1209 435
1206 433
1206 432
1207 441
1190 422
1196 424
1208 423
1194 428
1197 418
1207 438
1188 464
1184 480
1186 470
1192 491
1202 482
1188 501
1194 476
1182 490
1090 486
960 480
958 491
953 496
954 479
966 488
956 484
959 478
965 498
972 482
961 496
952 465
804 484
801 490
798 474
797 477
798 486
794 494
806 490
796 488
724 508
720 484
720 482
722 498
724 490
717 504
724 481
719 493
722 483
724 464
684 508
684 512
686 518
694 526
684 532
684 514
694 510
790 499
804 496
800 508
796 504
792 498
810 506
804 507
798 488
802 522
690 592
698 570
694 554

Slide #23
690 554
694 542
694 566
686 562
699 578
699 555
691 559
682 567
687 559
687 566
760 552
974 590
976 604
974 584
961 581
982 582
970 584
965 574
886 628
862 592
884 659
878 654
862 662
882 635
884 647
881 668
802 670
822 623
801 660
821 696
812 660
828 665
816 672
821 669
806 667
811 670
806 582
893 523
1325 783
1369 604
1290 634
1230 664
1240 693
1226 662
1219 690
1234 684
1234 682
1246 680
1216 694
1230 678
1198 640
1186 696
1180 702
1183 624
1174 734
1165 746
1192 704
1198 658
1184 692
1256 538
1235 540
1250 548
1250 564
1244 547
1242 566
973 519
988 515
980 510
961 567
954 518
974 530
970 516
962 530
966 535
910 436
910 428
904 422
900 444
906 428
906 438
898 426
890 414
891 412
872 406
876 420
882 395
871 418
886 391
868 396
877 422
888 408
881 399
918 386
936 376
922 374
922 392

Slide #24
922 386
915 380
983 470
980 468
963 464
978 454
986 490
971 500
974 498
971 489
924 454
933 442
924 431
932 426
922 420
940 436
920 418
912 414
627 421
608 432
606 452
619 441
610 452
619 454
614 462
660 417
906 448
918 418
907 434
898 423
894 438
896 446
900 444
904 432
896 458
1254 568
1344 642
1348 644
1380 612
1377 596
1386 576
1371 591
1375 602
1254 608
1144 580
1139 640
1126 636
1140 618
1116 620
1134 634
1262 590
1253 640
1257 624
1251 588
1252 582
1244 620
774 636
471 678
506 695
524 608
521 695
498 669
485 669
499 676
502 686
850 422
1149 400
1364 434
1373 448
1368 436
1362 449
1360 451
1363 446
1364 449
1371 445
1360 463
1370 460
1372 464
1329 443
1348 428
1338 410
1336 426
1347 410
1328 448
1334 422
1318 436
964 428
914 413

Slide #25
916 420
916 435
916 422
928 438
920 431
922 428
930 430
946 445
918 422
908 428
906 442
869 560
866 550
862 546
829 557
856 548
856 548
806 591
760 616
768 624
774 663
778 658
763 634
754 640
755 642
755 646
760 634
745 625
761 639
756 648
752 634
748 646
880 539
916 537
911 518
916 523
920 530
904 514
924 522
943 550
1152 771
1140 786
1132 786
1130 774
1141 786
1140 795
1136 792
1132 783
1148 776
1130 770
1136 778
1020 608
988 587
994 600
984 594
998 631
1013 560
974 612
986 608
972 584
925 518
914 480
928 504
936 494
933 500
930 504
924 512
929 508
936 500
928 508
932 508
932 508
926 500
921 495
918 498
923 520
918 500
926 506
926 504
801 537
680 678
654 658
652 654
674 656
653 650
638 644
643 645
658 646
658 652
656 648
656 646
634 661
650 656
745 654
778 657
766 652
764 666

Slide #26
782 678
766 666
783 678
784 668
958 622
1016 616
1023 634
1034 633
1023 641
1019 634
1013 606
1022 644
1016 650
1014 625
1022 643
956 573
933 590
952 580
944 578
965 603
1061 628
1058 625
1058 604
1075 620
1058 622
1059 618
1062 628
1070 632
1074 660
1082 642
1077 640
1088 655
948 636
956 684
950 679
948 660
953 654
952 664
956 672
972 330
954 682
951 612
952 611
957 635
959 646
981 616
966 638
948 626
964 620
966 618
962 614
953 556
962 554
961 557
962 539
946 536
968 544
952 532
954 550
939 532
948 526
951 530
856 470
824 474
816 468
810 456
835 484
826 464
812 464
821 472
833 467
824 488
817 466
807 456
807 466
816 472
822 468
818 464
812 456
715 566
688 714
664 716
685 712
683 720
680 720
697 726
678 690
676 708
716 714
848 645
844 646
860 655
847 635
857 678
850 666
847 662
849 670
856 641
874 526
940 347
937 342
943 336
938 340
943 342
933 344
940 334
943 342
927 328
934 342
938 338
952 330
921 342
928 350
893 399
906 412
906 402
912 418
892 387
897 410
880 410
889 400
902 410
922 378
896 394
882 374
894 384
886 379
888 386
895 376
898 406
888 390
900 391
895 392
890 396
893 398
884 402
891 376
802 387
702 396
691 396
692 402
694 391
692 372
690 377
704 388
700 387
688 390
690 391
655 393
662 393
652 396
655 384
661 378
658 388
826 389
896 384
902 379
897 390
910 391
900 388
889 390
898 395
889 382
904 404
895 392
892 380
893 392
882 404
886 377
891 379
894 383
886 375
884 374
886 382
895 376
891 396
896 380
885 389
886 396
898 390
904 370
886 392
896 402
894 378
884 378
882 375
882 382
888 386
882 398
887 388
883 370
895 386
891 387
890 376
889 377
892 379
896 373
881 378
888 383
898 388
894 386
897 380
896 370
899 390
890 374
902 378
890 394
906 387
895 390
911 389
905 384
923 400
930 388
931 392
906 385
924 375
926 388
915 380
925 377
907 377
911 393
909 409
918 396
933 339
915 388
935 402
920 390
918 399
947 414
927 370
916 378
933 388
879 383
923 383
933 394
939 366
884 386
906 397
905 396
910 349
884 371
903 405
907 395
915 379
901 367
931 397
917 385
923 389
937 374
931 399
920 397
935 385
915 411
946 694
951 700
883 464
899 512
887 488
908 515
912 484
918 493
910 478
888 506
884 495
888 510
898 495
886 486
1084 651
1098 648
1107 658
1084 673
1108 654
1084 682
1093 620
1108 628
1093 614
1084 637
1102 651
1062 643
1084 618
1086 630
1054 636
1076 635
1066 636
1076 637
976 622
956 655
944 672
970 670
948 660
967 632
853 467
824 402
834 412
828 406
854 348
848 338
843 346
844 352
860 360
848 361
854 350
853 358
846 341
873 340
875 368
896 364
891 357
872 353
863 370
870 352
862 401
866 382

Slide #27
866 382
887 193
882 199
868 366
888 196
873 374
881 388
879 372
878 356
876 372
1034 497
1046 517
1030 487
1030 485
1031 432
1033 484
1048 503
1030 488
1045 458
1022 467
1030 431
1044 456
1034 488
1039 486
1038 469
1033 476
1030 453
1034 452
1036 496
826 446
711 436
700 432
704 449
698 446
702 448
705 447
705 434
703 430
712 451
786 462
1022 492
1019 479
1024 500
1020 486
1014 506
1010 490
1020 516
992 394
1048 363
1051 382
1052 418
1076 518
1038 481
1077 477
1034 455
1043 504
1032 478
1033 264
1037 390
1082 535
1027 521
1093 481
1022 450
1079 511
828 454
811 450
812 442
811 454
809 462
812 458
800 441
808 440
792 444
803 435
692 457
612 465
602 470
606 462
604 460
606 456
611 462
613 460
605 456
610 460
751 456
836 450
838 441

Slide #28
838 428
850 482
841 453
836 454
1100 442
1195 484
1208 471
1194 474
1192 480
1188 470
1196 480
1182 464
1011 604
1002 612
991 630
1019 639
1044 671
992 616
920 562
718 576
714 594
724 570
710 594
716 567
714 572
712 542
651 488
670 504
646 488
654 502
633 480
662 470
652 465
659 478
654 492
634 480
641 474
646 472
660 450
754 490
738 370
747 498
772 469
748 469
738 508
732 504
756 521
718 332
748 498
753 488
756 499
758 490
754 328
747 468
744 478
734 508
736 516
739 498
725 517
726 514
754 550
738 544
734 528
773 535
754 516
750 528
756 472
750 519
752 507
767 494
776 502
786 330
760 522
756 356
775 486
990 534
988 516
964 490
992 554
990 554
1004 574
990 567
986 544
992 560
989 558
1002 582
1065 599
1071 586
1068 583
1056 609
1054 590

Slide #29
1054 578
1062 600
1050 570
1052 594
1029 578
1058 376
1048 405
1028 388
1045 388
946 544
858 546
856 550
861 538
849 525
867 548
872 528
870 547
865 530
874 528
854 537
852 530
860 534
870 524
864 535
952 496
1082 489
1083 456
1068 481
1062 470
1075 441
1075 454
1068 458
1070 492
1074 471
1097 443
1188 400
1183 424
1202 387
1184 414
1192 392
1198 398
1182 424
1196 406
1046 424
846 422
840 395
848 430
854 412
846 402
860 402
850 406
845 420
848 416
850 410
844 404
845 416
900 550
917 386
912 570
904 607
926 576
922 568
917 574
926 589
912 550
1010 504
1030 494
1038 498
1028 509
1031 476
1026 486
1032 483
1024 504
1022 522
1022 510
1026 508
1012 510
1033 488
1028 500
1014 532
1020 496
1032 515
1018 514
1014 518
1029 509
908 508
867 491
872 513
874 513
878 538
876 516
879 532
870 522
858 520
878 522
870 496
867 500

Slide #30
974 481
1023 465
1024 472
1028 450
1033 471
1026 476
1020 476
1014 470
1019 494
1030 484
968 502
801 550
794 546
806 538
798 540
806 546
796 558
819 536
806 578
795 528
810 557
796 540
800 549
808 532
809 546
799 536
799 535
807 555
812 548
811 531
797 576
838 585
1376 640
1051 600
984 541
986 620
974 570
984 596
980 548
983 582
974 571
980 570
954 533
984 609
1000 580
1013 534
957 527
994 534
994 534
952 534
990 567
990 548
972 516
958 536
960 514
951 536
974 532
964 506
960 544
968 528
966 512
960 530
971 520
964 524
968 528
964 518
962 520
966 552
952 510
950 550
962 530
958 514
957 514
972 509
964 538
1034 511
984 501
940 496
971 462
959 498
964 508
966 487
996 551
944 504
955 502
956 506
1118 562
1264 612
1230 640
1256 666
1250 640
1230 662
1246 640

Slide #31
1247 632
1246 608
1258 610
1247 620
1136 624
1095 564
1141 620
1137 630
1136 612
1139 606
1136 642
896 524
900 510
900 508
878 262
828 423
820 416
839 404
835 412
830 412
826 417
833 408
832 412
843 406
926 412
930 404
924 402
940 410
780 472
792 475
797 464
793 480
786 484
788 478
789 486
790 463
787 484
792 468
785 474
791 462
796 483
734 456
642 423
640 416
629 418
637 427
640 441
614 416
626 418
615 430
632 400
631 414
630 403
628 406
634 402
806 390
806 392
815 388
814 394
828 390
820 386
812 404
962 386
1080 372
1084 362
1072 376
1084 373
1087 378
1087 375
1077 379
1076 384
1086 384
1178 644
1173 742
1176 720
1178 718
1182 726
1178 720
1175 718
1182 695
1183 733
1162 732
1173 710
1176 728
1192 762
1192 730
1176 772

Slide #32
1188 748
1165 753
1172 763
1152 757
1098 736
1012 708
998 728
1008 718
1004 692
1002 706
1002 722
1006 713
1010 720
1017 583
1023 549
1038 552
1035 545
1126 498
1165 511
1165 532
1161 526
1162 521
1170 490
1164 488
1235 326
1236 322
1239 324
1246 317
1240 338
1224 305
1236 320
1230 338
1231 346
1232 330
1249 342
1235 320
1231 331
1238 346
1242 322
1240 323
1239 342
1234 366
1260 454
1246 460
1267 462
1262 455
1244 474
1254 456
1136 442
832 508
826 501
835 486
830 499
818 485
838 493
834 482
838 481
836 490
819 497
818 492
828 473
832 484
821 270
824 476
818 494
1014 518
1064 539
1052 524
1067 516
1054 522
1057 516
1059 497
909 473
892 522
876 504
888 493
898 491
883 493
884 496
998 536
1104 674
1138 646
1117 628
1114 630
1119 656
1114 661
1124 607
1120 668
1106 659
1098 660
1103 660
1108 651
1102 642
890 454
818 412
816 412

Slide #33
803 409
786 406
794 420
804 379
686 346
692 330
694 328
686 329
696 338
688 316
690 338
718 346
858 456
858 467
868 454
861 464
851 434
850 447
852 466
834 354
832 376
827 396
826 381
768 354
786 330
778 359
766 336
780 353
772 355
783 362
770 360
773 354
761 363
774 350
654 388
654 404
649 402
664 398
650 408
600 548
590 553
596 565
584 548
585 543
591 534
589 546
586 552
592 607
593 612
586 576
580 598
595 621
576 580
578 604
582 570
596 601
609 610
762 609
743 656
736 624
741 636
740 632
733 660
744 638
742 654
732 684
704 700
709 699
707 707
716 692
708 663
716 710
705 706
796 643
804 656
791 658
800 668
780 680
788 659
808 665
1114 758
1234 762
1220 790
1256 738
1270 724
1265 742
1251 750
1238 754
1241 728
1259 760
1237 761
1264 738
1230 762
1242 741
1230 763
1430 744
1402 760
1452 701
1450 708
1452 686
1444 736
1434 717
1471 700
1430 697
1413 674
1416 676
1422 654
1420 673
1413 688
1423 666
1414 522
1424 522
1412 514
1404 516
1418 514
1424 508
1414 512
1400 530
1413 498
1400 473
1333 408
1334 419
1337 421
1331 420
1340 421
1343 419
1340 408
1329 415
1317 410
1330 420
1328 412
1240 414
1254 406
1236 412
1228 408
1229 391
1226 408
1227 415
1234 392
1231 292
1227 304
1230 306
1236 294
1234 306
1232 300
1217 298
1232 287
1230 306
1239 284
1232 287
1238 302
1104 400
1036 538
1044 512
1044 532
1040 533
1049 550
1037 515
1050 520
1045 526
1030 598
1016 574
1010 570
1030 590
1020 576
1028 600
1011 586
1014 584
1050 560
1042 544
1038 540
1032 542
1049 538
1042 529
1040 552
1042 554
1058 560
1075 588
1084 577
1067 583
1070 594
1052 596
864 774
880 792
878 785
892 798
875 766
864 774
860 784
866 773
864 775
932 740
934 772
932 764
930 753
798 742
450 762
472 733
448 682
434 711
470 755
444 727
448 709
473 733
462 742
434 632
434 629
410 643
420 617
420 658
415 631
439 440
446 332
453 354
456 336
450 340
454 354
466 334
454 342
458 340
450 326
485 342
490 386
498 377
498 380
514 369
494 370
494 385
500 385
542 326
538 334
533 331
536 328
542 332
534 320
629 349
772 364
772 354
784 355
774 342
770 355
768 360
774 356
780 372
778 362
778 359
693 494
678 530
688 556
660 546
670 545
666 538
660 558
664 546
668 543
664 528
670 560
687 558
693 575
702 584
708 574
696 567
712 576
703 579
704 584
705 561
814 632
821 660
840 682
838 647
844 631
828 639
824 654
838 653
810 656
711 657
702 698
688 682
698 683
704 672
702 696
708 718
686 672
699 708
692 688
697 719
690 712
691 564
678 562
690 558
690 580
680 570
694 558
690 565
828 768
832 744
848 776
856 708
834 744
818 760
828 744
836 748
828 775
827 732
830 728
832 774
756 800
764 792
765 791
772 772
778 764
794 788
1153 754
1260 761
1256 753
1254 772
1243 768
1256 760
1234 796
1258 755
1258 774
1267 748
1280 726
1266 719
1282 708
1288 709
1288 684
1281 712
1274 726

Slide #34
1253 749
1365 719
1390 696
1446 648
1429 662
1428 654
1418 676
1408 695
1423 674
1118 566
1031 546
1026 549
1020 557
1016 536
1024 560
1022 572
1026 566
1024 566
1043 492
1045 487
1042 484
1051 482
1042 491
1046 480
1040 478
1043 479
1042 481
1044 497
1041 492
1045 501
1044 494
1057 481
1048 487
820 529
790 528
810 541
801 538
800 536
808 546
793 536
802 552
802 549
800 552
910 616
975 651
978 676
972 680
981 711
974 668
964 688
967 680
984 686
984 712
982 680
965 671
970 660
962 691
989 684
1183 742
1162 744
1168 757
1162 752
1152 744
1156 748
1163 732
1164 765
1166 737
1139 663
1130 552
1131 562
1138 542
1134 546
1136 562
1126 553
1138 542
1142 532
1124 532
1147 431
1136 438
1128 422
1136 430
1140 440
1130 422
1134 426
1130 442
1118 446
1130 451
1124 439
1130 444
1134 454
1113 442
1116 432
1115 448
1118 437
1106 448
1114 448
1104 436
958 398
862 393
856 382
852 376
854 370
850 378
844 384
848 380
842 388
843 389
842 368
848 376
836 417
845 411
844 414
832 410
843 413
836 396
849 416
834 422
832 398
838 449
818 636
822 638
821 669
817 656
813 669
818 657
813 642
820 638
803 658
786 664
784 671
786 665
795 667
780 682
781 674
746 648
740 638
735 622
743 642
729 639
722 639
724 651
731 656
735 648
740 652
752 664
743 652
746 669
748 650
768 668
770 673
770 652
1066 749
1132 754
1136 740
1123 736
1142 736
1136 742
1133 733
1144 768
1138 716
1140 738
1139 691
1135 722
1162 762
1164 748
1168 752
1171 755
1174 752
1168 742
1168 744
1174 755
1190 750
1172 756
1194 659
1226 593
1226 614
1227 596
1225 600
1220 593
1244 574
1234 622
1244 640
1218 588
1227 587
1213 542
1208 570
1216 576
1206 560
1206 558
1210 562
1208 423
1204 384
1214 390
1209 386
1202 386
1210 390
1202 394
1195 401
1202 412
1204 400
1208 408
1203 404
1214 410
1210 396
1218 410
1180 400
1180 400
1176 390
1178 414
1190 420
1178 400
1184 402
1074 428
970 449
977 460
980 467
978 456
979 458
974 450
970 458
968 479
966 472
964 444
966 452
970 452
962 450
969 462
960 458
898 478
908 472
916 476
913 474
914 480
908 490
899 455
907 474
902 458
916 469
916 482
904 468
913 486
902 482
909 466
912 476
911 466
915 472
916 470
1020 506
1018 497
1011 495
1012 500
1012 503
1008 486
1010 494
1010 492
994 476
994 478
992 492
1002 480
1011 478
998 482
997 490
976 464
980 470
985 467
974 474
980 472
970 462
880 474
880 500
872 468
874 486
882 502
876 490
886 496
874 491
886 488
872 479
876 490
882 492
884 484
886 485
937 576
942 582
926 568
932 576
948 594
940 588
924 560
944 600
934 590
942 587
942 583
933 587
922 584
858 664
858 650
852 661
838 648
854 636
854 650
850 648
852 632
854 640
862 642
857 634
848 648
822 652
823 676
778 692
574 737

Slide #35
674 648
734 632
712 741
734 647
710 745
703 726
726 691
718 703
752 620
874 554
864 542
884 545
882 544
866 572
870 558
859 534
1053 646
1049 673
1030 659
1004 696
1010 688
1004 685
1012 685
976 620
792 466
780 456
767 446
764 451
770 470
778 463
739 458
652 464
647 486
648 470
666 482
650 473
556 486
550 438
544 476
540 448
532 444
526 480
538 456
706 367
712 378
711 346
710 361
713 364
705 353
715 367
712 353
704 363
707 362
932 384
1142 490
1176 555
1188 548
1195 543
1196 539
1207 523
1196 542
1208 508
1134 570
1082 602
1086 617
1068 640
1058 631
1063 640
1067 628
1074 627
1014 688
1014 712
1016 712
1019 720
1001 766
1008 726
1024 718
1014 700
1022 696
1015 706
1004 716
1024 715
1171 600
1237 598
1102 562
1153 592
1130 604
1146 578
1140 586
1132 606
1138 613
1133 582
1128 604

Slide #36
1136 582
1092 524
1109 520
1100 542
1083 536
1090 558
1094 519
1093 545
1098 538
1082 542
884 508
824 479
822 491
820 488
742 468
704 453
695 462
688 462
696 448
690 446
698 460
654 419
674 442
672 446
676 446
674 448
672 426
659 430
800 539
811 527
801 512
828 520
824 518
820 510
814 522
820 524
714 556
722 578
705 561
716 558
722 559
706 556
710 558
598 614
558 548
532 582
552 588
548 624
565 570
558 549
578 532
556 600
708 613
1070 645
1115 616
1094 629
1101 644
1094 624
1106 634
1088 648
1092 646
1101 634
1008 751
994 725
988 709
1012 696
986 741
972 689
1006 735
1000 758
998 717
1000 735
993 736
998 726
997 728
989 750
995 750
992 752
939 613
1106 530
1118 539
1124 552
1114 540
1120 556
1122 538
1104 553
1106 578
1116 540
1120 531
1094 574

Slide #37
1121 536
1120 538
1110 532
1112 550
1134 530
1134 526
1110 542
1118 542
1122 524
1113 566
906 559
908 514
912 548
890 556
878 520
905 512
746 536
704 574
698 585
680 596
676 612
680 593
692 588
671 570
658 618
664 576
656 573
628 588
622 555
657 575
632 590
644 604
644 605
666 630
1057 690
1186 710
1178 728
1192 706
1197 698
1203 702
1213 686
1190 705
1202 692
1190 706
1203 680
1184 682
1204 680
1198 678
1180 700
1137 738
1166 664
1170 686
1152 697
1136 733
1166 668
1161 666
1146 634
1158 630
1163 577
1154 619
1151 605
1110 640
761 585
672 584
680 583
659 620
680 554
662 558
664 574
672 571
676 570
624 612
640 624
650 619
656 622
634 604
648 603
623 599
648 616
650 636
643 608
659 602
621 620
640 623
636 568
620 630
618 600
612 593
608 582
630 594
610 614
626 597
1002 644
1078 634
1092 626
1070 698
1056 670
1088 648
1086 613

Slide #38
1075 634
1080 653
1095 608
1182 700
1176 694
1174 702
1175 700
1166 726
1180 694
1164 724
1164 703
1093 576
960 516
958 508
962 516
944 512
950 550
959 530
964 514
930 496
902 532
898 520
912 524
910 522
908 506
922 526
904 506
902 521
970 486
967 505
970 524
956 528
956 539
964 509
1042 494
1260 506
1274 501
1255 498
1267 522
1270 496
1254 518
1263 499
1269 495
1276 508
1216 515
1191 504
1195 524
1200 512
1180 520
1198 499
1204 493
1177 528
1208 587
1198 619
1208 586
1192 605
1199 594
1196 579
1190 597
1196 583
1190 612
1318 582
1344 595
1360 571
1362 555
1388 538
1378 532
1375 546
1390 572
1382 492
1384 500
1404 495
1386 510
1400 495
1379 514
1405 500
1388 511
1390 516
1386 508
1398 518
1287 442
1232 417
1235 415
1215 426
1228 422
1228 433
1230 428
1230 434
1217 417
1186 439
1186 417
1186 432
1188 422
1190 416
1198 414
905 444
890 434
896 448

Slide #39
896 443
907 448
894 449
884 446
886 436
888 436
884 438
890 443
894 450
888 420
886 446
882 438
1072 560
1110 588
1106 576
1112 588
1116 576
1114 582
1112 570
1179 616
1177 634
1174 604
1178 654
1188 660
1168 637
1176 642
1190 637
1185 650
973 590
716 584
696 546
710 562
701 566
689 547
708 572
708 584
707 566
687 565
698 560
696 568
710 564
705 566
706 568
700 572
689 571
706 563
898 542
1102 544
1092 552
1072 551
1076 537
1072 548
1075 548
1084 564
1085 566
1078 542
1081 564
1081 541
1081 545
1076 552
1083 574
1080 560
1072 564
1146 599
1183 644
1184 636
1189 658
1179 646
1182 630
1162 640
1166 652
1168 628
1180 638
1176 646
1180 625
1156 612
928 527
794 572
358 729
682 659
761 372
746 396
748 410
755 412
760 406
754 408
762 411
816 414
828 414
822 400
822 404
826 401
820 411
819 408

Slide #40
830 401
826 417
826 420
942 447
987 449
974 434
986 427
986 440
975 442
971 451
978 440
981 426
886 472
901 474
872 464
882 486
884 476
880 474
865 492
880 466
885 488
940 434
948 428
942 414
953 412
946 420
942 425
958 438
948 436
960 422
954 433
991 438
1100 486
1090 442
1082 462
1079 466
1085 492
1097 473
1086 446
1096 471
1082 470
1084 478
1084 456
1098 486
1147 470
1222 472
1215 460
1216 474
1227 464
1219 480
1198 448
916 607
922 627
894 616
912 622
902 604
907 616
899 616
904 600
914 594
916 606
918 617
782 632
758 594
770 613
774 606
760 606
762 618
768 586
760 644
759 620
780 618
764 637
772 652
770 644
764 654
762 667
786 624
758 667
774 620
782 634
748 668
774 648
832 697
1036 692
1026 716
1044 730
1022 750
1056 684
1048 674
1044 721
1031 735
1066 716
1124 731
1115 718
1098 720
1096 706
1100 733
1111 720
1106 724
1102 718
1102 724
1102 748
1096 728
1074 731
1077 722
1085 656
1076 732
1082 720
1138 667
1158 680
1170 644
1178 658
1175 673
1170 674
1174 655
1175 654
1170 655
1056 586
1045 569
1047 582
1054 559
1058 560
1044 558
1051 560
1040 562
946 550
814 560
802 570
796 575
803 566
801 592
803 582
800 544
802 564
802 578
802 560
700 571
719 564
715 594
716 598
716 584
704 590
708 589
702 606
709 610
702 582
714 592
869 581
860 548
861 552
865 572
862 569
861 568
858 544
854 568
868 545
845 521
845 552
845 550
850 553
838 554
929 510
1076 490
1070 486
1086 485
1092 481
1078 483
1074 516
1085 466
1063 515
1089 489
1078 494
986 402
964 390
966 392
956 385
952 417
965 398
954 388
962 386
946 382
962 383
1121 476
1100 456
1101 456
1102 463
1106 446
1112 460
1096 464
1086 458
1108 438
1014 446
956 428
948 420
946 438
954 424
916 422
746 424
740 434
740 420
744 424
742 438
741 427
758 460
746 426
713 425
704 428
716 428
706 432
717 414
698 429
942 452
958 428
955 462
956 434
951 440
942 458
943 457
945 423
954 460
950 432
948 474
957 456
955 457
950 457
945 454
927 343
1040 227
1014 363
946 470
936 476
949 476
948 470
958 488
952 452
993 467
944 472
956 520
935 474
943 467
951 464
949 456
946 458
954 372
939 376
941 449
954 484
944 476
942 456
896 478
906 467
915 468
925 470
906 462
908 463
916 459
916 466
914 474
904 442
906 446
913 454
1003 484
1000 468
1000 476
987 481
985 486
990 476
994 490
995 475
979 475
940 476
970 480
958 416
970 463
964 469
936 370
954 464
956 484
962 464
952 458
873 412
862 394
860 411
854 405
856 396
861 404
856 402
863 402
846 393
837 394
841 372
836 385
831 370
828 378
832 375
828 363
832 404
840 396
916 382
940 402

Slide #41
947 404
938 394
930 410
939 401
933 392
932 418
948 391
952 392
935 380
942 399
878 428
858 448
874 435
862 382
861 448
848 456
852 434
776 472
610 475
630 464
644 484
631 468
624 444
636 480
796 478
872 452
870 484
866 446
854 465
869 468
859 456
825 435
872 466
868 448
874 409
880 429
868 418
860 431
876 412
857 394
864 393
873 419
868 430
874 398
866 422
986 431
1042 485
1041 456
1053 444
1051 462
1034 482
1032 459
1030 482
1054 452
1048 437
972 478
738 478
739 485
738 492
741 494
746 489
715 494
729 502
750 500
748 496
753 462
789 520
751 465
732 502
726 502
747 478
750 499
736 503
712 503
625 508
641 448
652 436
624 428
604 494
610 511
603 520
652 536
