
Slide #1
556 212
551 200
558 198
554 206
558 198
732 228
900 256
892 258
892 264
896 257
894 254
888 250
892 254
898 250
898 247
968 321
981 323
984 341
981 345
973 351
984 362
973 360
988 352
980 352
976 369
978 359
974 344
982 355
984 236
987 246
986 354
979 244
978 255
975 357
946 344
946 354
956 344
952 351
946 348
950 342
952 343
954 351
959 242
952 346
948 350
950 345
953 341
954 222
946 350
952 350
949 347
960 349
950 362
956 344
950 354
954 353
951 354
954 359
957 370
943 364
955 357
943 247
951 362
960 360
953 354
952 360
948 364
953 362
950 244
954 370
952 366
942 370
944 372
950 366
951 370
944 370
954 366
954 359
950 374
952 248
950 370
956 368
950 368
954 370
963 364
955 361
943 370
952 358
957 194
958 360
951 365
958 364
954 370
954 360
958 357
959 360
962 362
928 364
924 362
922 367
928 355
926 350
914 359
918 360
922 350
919 347
919 180
914 360
913 360
914 356
918 360
918 356
907 352
922 352
916 352
920 356
918 361
920 352
925 350
922 349
916 346
926 345
929 350
919 354
918 218
918 340
929 342
929 340
923 216
928 338
923 348
927 350
933 334
932 336
937 336
936 350
960 308
956 312
921 54
937 336
942 339
938 334
933 339
934 338
940 339
938 340
940 347
940 342
940 334
932 341
934 328
934 326
928 336
920 330
929 334
927 323
926 328
924 322
926 332
949 170
955 320
953 330
954 157
953 332
954 335
956 329
946 322
943 328
940 324
946 318
949 322
944 323
946 324
948 321
951 320
948 324
947 328
948 336
944 331
950 330
946 332
942 166
946 338
962 299
944 336
963 326
952 336
959 329
958 331
956 334
952 328
946 332
952 333
956 336
958 338

Slide #2
949 337
952 332
954 328
958 328
952 328
948 330
955 333
951 332
948 326
956 327
950 342
955 332
950 339
955 334
953 330
960 338
955 336
958 335
958 349
964 471
969 466
969 469
973 463
970 468
980 468
976 468
972 471
971 456
864 515
857 510
850 510
861 520
858 520
854 514
858 514
855 509
864 508
864 469
860 472
862 480
867 470
860 474
858 483
857 464
854 478
954 453
954 306
952 452
952 460
943 475
954 477
954 466
956 459
968 468
947 488
953 462
952 473
918 472
707 516
708 508
723 527
726 514
721 526
722 514
726 514
716 521
715 525
716 524
717 526
715 533
888 570
956 578
948 584
947 580
949 593
954 580
934 588
943 574
942 586
948 578
972 596
1132 630
1123 648
1125 640
1130 645
1123 659
1121 650
1120 658
1126 636
1190 676
1196 658
1211 657
1198 671
1192 663
1192 675
1202 662
1194 630
1203 625
1190 632
1204 629
1201 634
1195 628
1196 628
1198 624
1200 619
1166 628
1176 617
1166 621
1167 634
1166 621
1164 635
1178 612
1178 616
1144 616
1141 628
1148 613
1145 629
1150 623
966 665
831 657
823 680
820 672
822 702
822 696
824 690
822 702
775 720
722 700
720 716
727 706
721 716
729 699
731 733
718 713
724 718
720 717
854 730
886 692
865 713
895 678
889 698
881 688
854 732
862 730
875 700
888 721
873 688
864 686
903 686
912 708
936 696
920 704
819 511
742 391
738 386
742 376
736 388
736 390
736 392
739 388
751 401
740 398
740 399
840 360
832 366
834 356
832 362
830 360
828 367
829 362
824 354
823 365
829 353
828 362
878 344
1036 318
1070 315
1068 323
1072 318
1071 320
1068 320
1074 321
1068 321
1072 318
1074 320
1134 325
1150 319
1144 326
1149 321
1136 330
1146 330
1138 328
1144 331
1142 330
1146 324
1143 333
1149 332
1140 330
1144 333
1149 328
1147 325
1152 324
1146 325
934 394
811 480
807 485
805 498
805 484
803 478
800 485
805 480
806 482
762 522
756 530
758 530
762 528
761 534
760 524
760 522
757 530
760 536
760 526
762 526
758 528
762 535
758 530
758 536
889 582
957 612
962 614
954 620
958 618
958 611
983 618
1025 624
1030 616
1039 618
1032 620
1024 617
1032 614
1032 624
1025 628
1032 624
1036 624
1030 618
1096 626
1146 600
1162 606
1148 614
1162 616
1152 612
1158 610
1160 609
1149 611
1156 610
1148 625
1153 622
1148 625
1156 618
1150 628
1150 627
1147 622
1150 626
1146 626
1202 648
1205 635
1204 651
1202 648
1204 652
1206 643
1214 592
1216 590
1214 592
1218 591
1210 601
1214 594
1108 628
891 729
895 737
898 712
902 724
910 712
905 724
902 732
900 724
892 738
901 726
896 723
906 732
917 726
945 732
947 730
950 726
946 728
948 733
882 748
776 749
780 748
786 745
790 750
782 749
790 752
786 752
776 748
811 750
823 746
809 756
818 756
810 744
814 739
816 760
808 758
816 736
821 741
820 745
812 751
798 727
744 602
734 553
738 545
734 544
733 544
741 554
728 542
722 516
718 444
718 446

Slide #3
712 437
706 442
708 450
712 439
708 449
732 511
756 548
757 548
757 549
750 550
744 550
748 550
756 540
754 540
760 548
872 482
868 471
936 532
970 563
966 568
962 566
968 568
966 568
960 584
960 582
968 566
974 571
969 576
823 845
965 724
903 554
922 524
908 530
910 518
905 531
906 522
908 526
847 518
857 506
850 509
852 503
855 506
846 506
850 507
854 505
838 510
974 546
974 556
986 544
988 550
983 558
982 553
1136 534
1289 508
1286 502
1286 516
1277 520
1272 516
1284 519
1282 520
1280 524
1284 503
1278 510
1288 509
1248 490
1235 466
1246 438
1253 434
1252 433
1255 437
1252 423
1237 441
1246 437
1249 446
1224 487
1255 441
1220 499
1242 436
1245 412
1244 412
1240 440
1255 410
1240 439
1246 428
1246 428

Slide #4
1244 425
1060 393
762 416
724 404
733 416
726 410
718 409
722 412
726 416
728 410
725 412
724 414
720 414
850 530
856 526
859 542
855 550
858 548
859 556
864 555
850 560
637 590
650 606
652 606
656 599
666 610
652 597
648 594
618 634
592 684
595 682
590 688
590 684
596 678
594 680
590 686
610 706
604 708
599 701
604 716
604 708
594 707
540 728
548 724
551 738
551 730
541 735
546 716
547 722
542 728
544 727
541 725
614 725
630 732
630 723
626 728
627 726
621 718
627 720
624 727
597 713
602 724
602 720
596 716
599 706
806 590
1072 415
1114 382
1102 378
1102 384
1103 372
1103 384
1102 375
1105 410
1102 380
1099 379
1107 378
1103 372
1104 368
1098 372
1076 314
1074 306
1076 310
1078 308
1076 298
1071 308
1067 317
1040 222
1032 217
1032 224
1024 241
1025 237
1034 221
1033 224
1032 218

Slide #5
908 233
874 228
870 233
871 224
870 238
866 232
870 228
859 229
866 226
858 231
864 217
866 222
986 306
1030 381
1030 380
1033 388
1036 388
1033 380
1034 395
1032 398
1040 386
1062 412
1051 436
1050 440
1044 442
1046 438
1054 440
1047 440
1042 462
1030 410
1042 408
1036 434
1036 422
1034 412
1029 419
1031 434
1030 424
1036 426
1034 432
1255 387
1312 391
1320 398
1316 392
1316 392
1318 396
1322 398
1321 396
1303 391
1223 324
1216 334
1216 331
1214 324
1212 326
1214 328
1166 354
1156 364
1154 355
1154 352
1154 354
1156 362
1144 358
803 434
798 454
798 454
788 448
792 440
790 446
793 436
794 444
775 446
570 491
570 498
574 500
576 499
570 495
572 494
553 470
566 360
561 364
561 356
560 358
557 360
559 370
555 361
559 363
550 359
508 336
504 342
503 348
516 347
509 350
509 344
510 347
514 334

Slide #6
516 348
676 328
700 324
706 328
710 332
700 342
702 346
707 344
702 345
694 354
703 341
864 380
864 386
865 386
868 388
866 386
863 414
858 395
846 431
895 431
884 360
886 339
888 334
886 334
882 345
887 338
894 334
916 384
916 472
917 482
920 479
916 480
914 474
912 493
908 474
918 478
934 553
932 572
922 578
932 570
922 572
922 582
933 585
935 572
984 577
974 580
986 574
982 577
976 576
974 574
984 579
970 582
973 572
969 574
811 582
752 574
753 566
750 564
747 558
750 552
752 572
751 558
742 564
749 566
749 573
752 572
744 564
738 568
716 563
712 560
712 562
714 570
707 566
706 564
712 560
710 570
710 573
713 559
774 466
814 314
807 307
815 313
806 314
810 312
810 304
806 308
808 311
814 306
826 330
820 330
821 332
822 334
826 332
932 368

Slide #7
944 376
935 373
932 383
936 392
939 394
932 384
937 388
940 392
940 392
942 396
942 396
944 394
1010 536
1000 601
994 603
986 600
982 600
988 598
992 603
982 596
990 604
956 603
964 596
966 595
966 598
962 598
964 594
962 607
963 600
967 597
961 594
1008 592
1000 600
1003 596
1014 592
1015 598
1003 592
1006 602
994 604
1004 598
997 597
1000 594
996 596
1006 598
1039 614
1044 616
1025 612
1040 604
1040 604
1029 619
1030 614
1037 621
1040 614
1036 611
1018 620
908 649
902 652
910 652
922 640
912 646
914 646
920 629
912 632
923 625
915 632
920 628
918 630
921 620
920 627
855 700
866 684
862 686
879 685
877 690
875 697
869 693
769 710
769 718
769 712
768 720
758 730
764 724
758 726
747 616
740 306
754 253
748 268
746 271
742 266
744 259
738 256
900 276
898 284
896 286

Slide #8
904 284
902 290
902 287
902 281
1064 299
1102 266
1098 268
1097 282
1104 262
1110 267
1106 266
1104 266
1108 268
1099 274
1106 255
1094 280
1073 322
1078 314
1070 320
988 455
917 548
912 547
918 552
913 554
912 560
918 554
911 566
914 567
918 564
764 503
560 346
565 295
569 294
566 294
558 321
570 309
558 306
576 222
581 220
586 230
586 227
588 230
576 208
594 224
620 228
884 234
1121 260
1136 270
1132 276
1132 280
1138 280
1129 282
1134 278
1132 280
1330 232
1412 204
1396 240
1391 247
1394 240
1398 232
1394 230
1400 234
1418 296
1424 287
1419 292
1424 286
1424 288
1418 282
1421 292
1422 298
1422 289
1417 284
1436 286
1428 280
1430 290
1427 292
1430 292
1432 284
1162 315
880 368
751 390
761 388
759 384
764 396
758 390
762 386
764 390
764 386
763 390
764 393
758 390
756 394
585 428
553 442
547 451
554 448
558 452
556 456
542 456
542 448
540 440
552 450
544 453
552 446
550 448
670 466
805 458
790 454
796 454
799 457
787 454
788 454
798 446
788 460
795 454
782 456
784 458
799 456
740 478
744 485
744 497
881 501
953 515
956 520
954 533
952 526
952 528
952 524
941 518
742 484
742 479
790 392
790 380
794 380
792 382
790 394
744 486
748 489
750 484
774 470
778 470
778 466
779 479
772 474
816 532
816 523
818 526
812 520
818 526
808 522
810 529
810 524
811 524
783 548
774 554
773 544
770 546
842 576
966 638
1144 756
1177 785
1178 793
1186 788
1196 780
1188 780
1204 764
1192 778
1183 787
1184 790
1192 786
1185 790
1174 814
1246 797
1258 790
1256 797
1240 795
1248 796
1250 797
1257 794
1258 791
1310 832
1379 825
1381 824
1371 842
1391 826
1249 832
1170 847
1163 833
1160 851
1158 830
1158 843
1155 834
1143 848
1026 836
1030 844
1020 826
1023 845
1027 842
942 838
852 832
847 834
856 840
850 840
848 842
851 838
848 847
854 852
852 853
854 852
848 848
844 848
850 852
673 810
650 806
646 807
644 806
632 808
626 793
626 788
626 788
622 806
878 856
890 884
896 872
884 883
900 864
894 876
880 886
878 894
896 874
894 841
904 825
896 823
903 826
906 808
894 842
900 834
876 824
613 824
593 802
590 813
584 806
577 810
594 802
588 803
582 796
592 796
580 799
578 798
586 812
595 822
584 811
593 816
620 849
607 852
610 850
614 850
618 848
565 684
565 661
561 656
556 662
562 665
556 661
554 668
560 676
555 664
556 663
552 647
559 658
564 671
524 624
528 618
535 633
536 632
540 622
539 622
525 613
535 606
626 618
630 616
623 612
618 622
624 614
770 592
950 560
936 572
938 556
935 571
934 566
936 566
935 558
940 551
945 564
972 481
980 482
984 482
982 506
978 490
974 504
975 504
978 498
928 497
892 491
902 512
896 510
900 499

Slide #9
898 506
1077 514
1176 475
1176 488
1192 480
1185 484
1178 474
1176 476
1173 470
1186 470
1176 476
1070 505
1006 560
998 567
1000 561
983 592
996 569
992 558
998 572
994 564
992 602
1019 637
1034 644
1048 584
1034 594
1027 639
1100 548
1109 518
1184 481
1172 484
1182 484
1190 496
1178 485
1182 514
1184 518
1196 530
1191 516
1193 493
1190 484
1190 471
1134 532
1133 529
1130 532
1148 528
1142 536
1144 524
1142 521
1142 522
1137 520
1142 522
1152 528
1260 472
1270 498
1269 515
1272 510
1264 512
1258 524
1259 514
1260 532
1260 511
1218 522
1211 536
1207 534
1215 526
1214 534
1214 534
1214 532
1216 531
1224 520
1232 541
1232 535
1244 516
1230 532
1242 526
1240 536
1181 635
1034 616
986 634
1000 602
996 594
987 596
1000 594
986 604
984 596
992 604
992 616
982 610
1028 582
1040 596

Slide #10
1036 593
1030 604
1036 585
1028 592
1296 609
1390 629
1384 629
1404 618
1404 616
1380 612
1089 433
1080 427
1078 440
1078 432
1091 437
1082 446
1074 448
1085 444
990 458
945 446
944 456
941 449
942 450
940 449
940 446
938 449
826 308
824 312
833 312
830 312
830 314
830 310
829 316
832 315
836 312
833 310
832 312
834 314
734 327
685 330
683 319
681 323
680 330
682 334
682 328
680 330
718 324
720 323
727 329
726 338
726 348
728 341
722 340
724 334
724 324
723 334
908 334
998 332
994 324
994 329
998 334
997 338
996 333
943 335
956 331
954 337
952 334
951 336
950 340
892 355
782 394
786 389
788 394
779 400
782 395
787 396
788 392
784 398
780 400
780 394
786 392
799 414
802 416
798 414
800 420
799 419
798 421
813 404
848 365
842 370
846 364
844 361
846 366
853 366
784 355
783 364
780 366
782 359
782 360
786 373
784 360
880 360
874 360
876 362
876 362
876 368
880 364
878 356
878 362
801 414
798 416
802 424
798 416
795 416
794 418
797 414
800 426
804 409
798 407
791 403
874 434
900 440
904 447
906 445
896 440
902 444
902 447
898 444
902 442
900 444
900 451
904 454
992 406
992 412
1001 413
992 407
992 400
986 405
990 410
1147 439
1146 457
1156 447
1148 446
1150 456
1149 450
1148 455
1148 459
1148 469
1153 463
1118 453
1112 453
1119 452
1120 452
1124 454
1120 460
1123 456
1124 457
1122 453
1124 451
1120 453
1132 407
1134 406
1138 410
1128 407
1128 404
1135 404
1240 427
1254 426
1252 424
1244 421
1252 428
1255 428
1252 434
1249 426
1255 431
1246 432
1248 432
1252 428
1239 469
1160 458
956 488
954 478
957 480
958 474
961 490
968 489
966 475
994 477
995 474
998 478
997 476
998 480
995 478
998 482
1000 490
988 479
984 488
982 478
984 478
986 480
916 487
895 450
894 456
892 452
896 468
892 456
886 454
885 443
885 452
887 454
890 447
886 447
834 454
780 460
778 458
784 464
780 457
784 460
780 460
780 453
781 452
779 452
778 456
774 452
785 456
785 462
798 454
792 449
798 452
794 450
792 451
793 458
790 399
788 396
790 398
792 402
786 405
792 399
782 403
789 404
792 412
790 397
790 390
800 405
805 402
811 410
805 408
810 404
808 403
808 402
802 403
787 400
792 399
790 401
792 410
784 404
791 402
783 406
785 408
786 405
780 406
784 412
781 408
776 404
774 407
782 409
779 402
786 410
778 401
783 408
771 404
774 429
634 487
866 498
812 462
834 536
1082 773
1050 642
1050 619
1048 618
1043 622
1048 628
1042 616
1040 624
1040 629
1039 623
1036 616
1036 628
1034 629
1035 622
1087 652
1088 638
1084 632
1080 625
1082 629
1079 634
1082 634
1079 634
1085 622
1078 635
1042 652
1047 655
1043 646
1048 639
1045 663
1025 642

Slide #11
837 641
737 648
734 642
734 644
729 648
726 658
726 654
734 658
732 651
727 666
728 658
736 656
736 656
802 584
809 536
808 530
806 526
812 536
809 536
817 531
817 532
881 419
898 370
904 366
895 370
909 357
905 356
904 363
893 357
780 308
566 272
560 263
576 246
572 243
570 256
568 254
572 252
575 248
574 252
574 256
574 248
542 231
534 242
544 240
541 238
535 241
533 240
539 234
616 212
626 220
624 212
625 214
614 214
618 214
618 222
622 212
615 228
732 220
1016 228
1044 216
1032 220
1042 242
1034 215
1038 216
1040 224
1043 215
1104 214
1202 188
1208 218
1200 196
1196 205
1189 196
1200 196
1199 187
1202 209
1190 252
1184 240
1185 242
1196 234
1186 238
1198 237
1191 238
1182 242
1062 230
1049 230
1046 233
1054 228
1048 232
1054 226
1050 235
1051 228
1056 232
1053 232
1052 238
946 234
746 405
646 430
654 428
647 430
652 442
644 430
653 428
654 440
646 441
649 442
647 431
651 440
714 484
751 488
748 492
896 740
950 726
951 716
956 710
968 691
954 718
935 728
954 724
956 722
962 728
956 710
988 750
1238 788
1282 815
1310 797
1318 800
1286 804
1288 804
1305 790
1288 795
1424 809
1416 820
1426 824
1426 810
1421 804
1432 801
1422 834
1416 820
1400 792
1398 804
1405 782
1384 808
1390 786
1300 632
1172 362
1138 336
1136 341
1134 348
1129 332
1132 331
1134 342
1134 342
1131 348
1079 419
1088 404
1070 414
1082 405
1089 398
1084 410
1079 434
1147 547
1142 540
1140 542
1138 553
1142 552
1137 553
1138 555
1142 547
1136 557
1140 560
1143 549
1148 559
1138 550
1146 568
1141 560
1164 576
1311 580
1383 613
1384 598
1388 593
1389 610
1394 614
1390 611
1384 608
1396 620
1384 622
1389 606
1384 642
1389 618
1386 610
1408 682
1405 686
1406 684
1395 676
1402 681
1362 684
1022 678
720 708
646 687
616 696
634 709
614 728
620 717
620 714
608 708
625 716
606 718
617 716
609 690
611 699
753 698
776 714
772 732
778 728
772 722
778 734
776 734
776 721
770 722
890 744
952 734
964 724
976 726
960 751
963 721
972 711
966 730
964 728
965 745
969 733
956 737
964 732
960 724
936 718
928 731
924 719
932 718
932 720
924 720
938 702
926 715
812 762
639 818
588 832
583 841
571 834
579 843
580 827
590 840
596 851
582 846
584 836
586 852
593 855
600 844
586 840
510 791
518 796
504 789
513 797
512 807
520 800
509 803
608 792
678 794
670 772
672 792
670 779
682 790
703 802
963 806
1110 837
1107 816
1119 816
1081 848
1092 822
1100 822
1096 820
1106 823
1117 811
1166 787
1166 784
1160 792
1165 770
1164 793
1161 782
1168 773
1157 792
1156 799
1170 788
1238 774
1254 762
1248 766
1247 754
1254 750
1256 766
1252 752
1244 758
1248 754
1217 766
1219 766
1235 761
1223 787
1230 772
1235 762
1225 758
1224 762
1206 790
1188 716
1164 697
1176 685
1176 676
1177 662
1164 694
1180 684
976 673
812 687
824 694
830 706
821 670
818 690

Slide #12
826 675
830 668
824 672
820 674
824 678
814 684
816 683
808 685
813 672
814 679
824 674
810 671
807 692
827 666
820 683
809 669
754 568
750 544
742 550
744 551
743 547
737 560
740 546
892 516
1004 501
1006 502
1002 490
1010 499
1017 496
1006 514
982 545
980 505
972 454
976 429
962 441
965 437
964 422
968 416
967 424
964 439
970 426
996 376
994 375
994 374
990 380
1002 378
992 375
992 380
980 384
976 375
978 369
980 374
980 382
980 380
1098 432
1329 502
1318 499
1339 508
1322 503
1327 504
1324 498
1330 501
1127 506
766 578
660 604
658 603
656 606
656 605
662 604
656 620
611 578
523 487
524 486
514 474
513 478
512 470
514 482
510 474
513 481
513 478
515 478
660 557
680 578
675 584
682 588
680 580
681 574
678 582
686 588
612 560
502 466
511 466
512 471
509 464
512 468
507 470

Slide #13
514 468
506 476
674 544
714 562
707 578
707 579
716 576
715 568
712 554
711 568
708 566
840 424
857 404
846 402
854 414
855 406
858 434
756 841
727 407
720 425
708 430
741 412
747 426
744 426
740 417
702 422
710 420
706 426
706 426
708 424
713 416
714 428
702 430
704 428
693 414
696 418
698 414
700 416
705 415
694 425
700 414
706 420
704 413
692 417
702 414
701 417
700 412
704 409
693 414
696 410
700 416
698 404
692 416
697 412
802 437
1032 392
1138 636
1162 607
1147 618
1133 602
1148 619
1350 689
1418 700
1411 704
1412 684
1392 697
1394 715
1390 698
1382 710
1398 693
1393 702
1432 448
1383 285
1354 316
1352 314
1358 310
1352 308
1372 300
1344 308

Slide #14
906 250
895 251
896 254
902 254
897 264
898 264
898 266
888 268
894 267
898 266
899 267
960 293
1124 356
1123 368
1123 370
1125 364
1112 368
1118 384
1174 440
1181 358
1189 352
1200 340
1201 343
1200 349
1194 348
1196 356
1178 304
1158 260
1164 266
1158 256
1159 271
1158 268
1156 268
1163 267
1130 258
1122 252
1124 261
1127 259
1125 256
1124 252
1128 252
1126 252
1129 251
986 244
763 299
772 350
780 324
782 319
784 316
816 370
826 392
814 396
812 390
812 392
818 398
818 392
820 392
642 528
636 564
644 570
630 582
638 582
634 576
635 582
634 569
633 570
632 573
638 567
634 571
638 572
622 623
614 635
620 638
620 637
612 630
620 638
611 642
662 638
1050 634
1153 636
1144 633
1153 632
1172 637
1167 632
1152 649
1158 638
1153 646
1162 642
1222 690
1274 729
1272 744
1281 733
1269 740
1250 766

Slide #15
1261 760
1262 742
1266 740
1230 738
1058 698
1052 698
1054 694
1046 694
1062 686
1039 690
1047 694
1051 662
1042 512
1039 519
992 589
1009 571
1012 553
1057 503
1022 542
842 498
678 474
672 476
672 450
676 452
670 462
676 458
676 463
684 462
630 478
626 476
623 476
620 483
622 482
618 486
624 492
632 480
620 486
628 486
624 478
636 488
682 466
709 478
704 476
705 480
706 489
702 482
712 488
707 482
766 496
763 480
762 492
758 478
760 483
760 484
804 512
1067 602
1082 620
1084 613
1082 623
1086 614
1086 606
1079 616
1080 624
1098 605
1046 565
1030 571
1036 572
1042 566
1036 562
1040 560
1032 568
1062 552
1057 564
1070 564
1072 550
1074 564
1070 556
1070 556
1073 558
1078 553
1054 566
1080 554
1077 562
1088 570
1072 560
1070 574
1070 570
1074 562
1175 550
1338 526
1344 530
1338 523
1347 534
1346 526
1346 537
1345 536
1342 530
1347 527
1331 520
1324 518

Slide #16
1330 510
1329 515
1324 520
1326 513
1328 513
1322 518
1322 523
1325 515
1329 533
1328 527
1271 499
936 440
880 308
886 316
876 321
877 316
875 324
872 319
879 320
862 331
828 354
840 348
834 356
844 349
832 352
916 309
915 301
912 326
920 353
917 343
915 348
910 342
916 349
856 341
854 348
846 348
850 350
852 349
853 344
843 348
852 344
858 336
854 348
858 346
856 350
846 350
856 336
724 608
720 628
722 626
832 580
846 572
848 584
844 576
851 580
846 563
849 574
852 566
847 563
850 570
852 579
852 578
890 576
912 568
914 569
904 568
907 580
906 571
910 572
924 557
917 564
918 561
922 391
919 326
920 353
925 341
922 322
917 322
918 328
906 333
909 340
918 329
860 429
840 540
852 553

Slide #17
848 547
846 560
844 557
848 551
846 558
846 557
895 632
868 608
854 528
858 513
858 504
850 506
855 502
855 503
850 500
856 502
856 500
858 502
861 500
970 466
969 482
770 689
973 482
967 476
955 522
969 479
962 482
971 456
970 455
970 449
958 454
804 428
728 441
724 431
719 428
718 426
717 424
722 425
744 449
1028 532
1044 534
1052 532
1032 550
1040 534
1038 534
1037 526
1108 328
1121 291
1105 316
1110 313
1114 304
1110 320
1119 302
1061 324
1056 326
1060 322
1052 328
1062 332
1056 326
1058 346
1043 390
1047 396
1046 396
1050 392
1050 400
1042 389
1048 388
1038 402
1040 396
1074 364
1102 340
1086 352
1094 362
1089 352
1090 356
1108 338
1138 324
1138 332
1142 322
1146 320
1137 316
1142 332
1029 361
855 544
858 557
862 556
856 547
839 586
859 561
852 566
850 560
860 557
862 560
858 560
838 517
831 515
840 524
828 517
840 518
840 514
836 514
836 516
828 512
832 509
834 523
835 514
836 517
831 514
930 544
936 564
927 576
919 583
930 578
936 576
878 497
826 444
820 449
746 658
832 450
820 458
826 455
827 452
809 464
810 464
813 471
809 468
810 464
810 464
808 468
814 468
810 464
813 466
812 460
814 461
807 455
814 458
806 464
812 462
802 466
802 466
814 468
806 466
810 472
812 462
842 403
848 387
849 395
842 394
842 392
846 390
844 404
802 438
796 444
802 450
800 446
800 450
800 454
795 452
796 436
804 438
795 439
799 442
798 440
742 465
665 507
688 580
702 624
702 614
698 606
700 620
704 606
695 616
702 613
698 614
758 664
851 662
842 666
840 663
852 662
834 666
846 666
836 672
842 662
832 670
840 678
1080 686
1079 721
1092 714
1076 732
1086 704
1084 702
1090 694
1072 706
1085 699
1096 700
1231 700
1237 688
1232 706
1234 690
1224 699
1221 692
1230 690
1229 686
1223 693
1217 576
1213 500
1216 505
1214 498
1209 504
1210 502
1211 502
1216 499
1209 504
1215 494
1198 480
1190 494
1194 486
1198 484
1194 492
1192 485
1246 514
1238 522
1241 520
1236 520
1234 522
1238 523
1246 516
1242 508
1246 504
1238 512
1235 514
1210 493
1208 485
1209 488
1218 494
1216 481
1224 484
1212 480
1210 479
1212 480
1208 486
1216 477
1223 480
1214 490
1210 483
1104 567
1092 570
1123 565
1101 547
1101 550
1086 570
1098 542
1094 542
1103 538
1100 544
1052 554
1051 562
1063 554
1058 558
1063 550
1062 548
1056 561
1072 542
1056 558
1069 539
1065 548
1060 562
1068 550
1072 545
1070 544
1072 549
1068 556
1058 562
1065 554
1068 542
1066 566
1071 550
1074 556
1070 562
1070 550
1050 591
1078 546
1070 558
1062 559
1056 588
1065 560
1047 564
1051 576
1068 565
1056 562
1056 563

Slide #18
1044 572
1058 571
1052 574
1058 562
1058 568
1050 576
1062 564
1058 574
1060 570
1054 573
1026 594
944 506
879 393
875 447
876 420
861 428
861 411
862 412
871 391
861 415
869 395
867 399
872 424
865 423
865 427
860 466
857 465
854 468
862 464
861 472
859 478
856 474
860 470
857 471
1078 450
1091 461
1098 448
1094 458
1099 449
1102 446
1092 452
1102 442
1132 388
1115 398
1128 389
1120 386
1118 384
1116 402
1106 466
1118 392
1126 400
1172 510
1174 508
1176 504
1176 506
1174 504
1156 530
1132 494
1130 493
1122 498
1125 484
1135 495
1134 488
1139 482
1123 493
1132 462
1140 462
1131 461
1136 456
1140 456
1148 449
1140 456
1138 460
1137 460
819 601
751 636
758 648
747 648
754 650
756 646
761 642
758 644
760 645
748 658
751 624
742 622
753 627
768 622
764 620
756 630
752 628
760 620
933 639
948 651
944 640
942 644
940 638
943 648
948 636
942 638
938 641
942 638
940 640
940 642
944 642
955 642
955 638
830 689
832 668
834 676
842 654
841 662
836 656
841 654
842 659
829 657
836 671
830 656
806 700
822 712
815 718
809 718
818 703
814 695
904 700
902 706
906 707
906 721
916 696
836 581
738 369
733 342
743 348
736 359
733 360
740 356
740 358
745 354
742 348
812 340
812 348
812 340
812 342
809 348
804 340
810 342
808 350
863 355
901 382
897 381
898 378
904 368
911 360
900 378
898 372
897 361
900 366
897 376
900 377
938 352
1135 370
1135 364
1146 362
1149 365
1145 378
1144 378
1136 378
1148 372
1138 374
1142 372
1152 372
1196 321
1192 324
1186 325
1188 328
1195 333
1186 329
1188 280
1186 289
1190 286
1188 288
1188 287
1181 291
1186 290
1186 287
1188 288
1188 290
1188 290
1158 298
1080 292
1071 286
1069 286
1073 294
1071 290
1072 290
1077 290
1066 294
1074 284
1070 292
1076 290
1069 290
1034 321
1036 315
1035 313
1037 322
1041 310
1030 310
1036 309
865 344
736 449
708 525
756 591
751 602
752 606
751 608
764 606
758 611
762 608
738 633
712 655
687 653
695 655
689 664
683 652
690 656
685 650
692 662
694 664
754 610
752 634
754 618
756 624
748 634
744 627
742 626
725 617
834 644
820 659
830 662
829 650
824 658
832 648
831 654
820 657
828 664
834 660
828 664
917 710
920 700
916 696
924 687
912 700
919 694
925 677
922 683
928 666
1004 664
1006 672
1005 664
1006 674
1008 673
1009 671
1009 670
1002 668
1003 666
1008 659
996 679
1052 676
1065 675
1073 671
1172 714
1192 712
1174 730
1185 714
1187 720
1189 716
1256 444
1236 408
1234 404
1232 408
1238 407
1238 404
1194 402
896 394
768 400
777 396
773 394
766 407
769 397
759 402
760 407
764 415
761 410
724 416
702 424
702 436
704 430
700 438
699 436
701 432

Slide #19
702 431
670 502
666 506
666 503
668 508
672 506
662 500
668 498
666 506
672 510
677 526
750 528
826 546
854 486
938 468
997 474
996 480
1000 468
996 467
1002 466
1004 471
1001 473
1006 478
1052 514
1090 560
1097 561
1082 570
1084 568
1096 558
1114 630
1114 696
1124 688
1128 686
1118 692
1117 702
1128 686
1132 694
1143 690
1254 712
1242 704
1252 696
1232 715
1240 702
1232 718
1250 711
1106 700
842 756
790 797
786 812
778 788
790 792
790 796
788 805
792 801
786 794
780 801
786 801
739 761
790 334
737 381
758 306
760 302
758 298
764 302
758 301
755 304
781 300
822 296
828 285
812 290
818 284
814 278
813 285
911 309
1022 308
1020 318
1017 314
1016 310
1017 307
1020 311
1018 312
1146 324
1256 342
1256 339
1260 339
1254 336
1261 338
1258 340
1263 342
1258 338
1260 346

Slide #20
1247 343
1254 344
1221 356
1216 358
1216 355
1216 358
1222 356
1216 358
1216 363
1042 475
1000 518
1021 481
433 941
1024 491
1026 499
1024 503
1022 490
1023 492
1029 494
1033 478
918 459
838 264
830 260
834 256
826 269
834 264
823 266
826 241
845 259
822 248
846 256
843 248
833 253
851 256
822 249
840 251
779 313
775 278
771 284
768 290
766 292
763 280
761 279
759 284
760 276
764 278
765 274
771 276
766 280
770 288
834 215
874 178
879 193
875 192
873 203
874 200
869 212
870 206
872 205
968 251
1100 512
1102 590
1110 586
1110 585
1104 590
1102 594
1104 588
1110 576
1123 548
1124 550
1122 556
1132 544
1134 548
1128 550
1126 542
1122 555
971 616
962 627
966 636
968 623
974 628
965 630
958 636
970 631
956 658
804 730
618 724
620 730
618 730
623 726
613 720
622 726
616 720
618 734

Slide #21
616 735
552 830
558 840
553 838
552 844
550 848
550 851
550 856
554 850
560 836
692 389
762 326
749 329
744 351
770 344
1082 480
1188 504
1194 506
1192 504
1189 522
1194 502
1196 510
1192 504
1240 401
1240 339
1239 338
1242 340
1242 347
1248 342
1234 338
1239 336
1242 336
1312 412
1309 423
1307 422
1309 420
1312 421
1306 422
1307 427
1308 425
1306 436
1316 508
1338 643
1324 666
1324 659
1324 658
1318 656
1318 650
1315 654
1322 656
1309 656
1318 650
1328 648
1318 650
1312 644
1364 306
1362 278
1339 279
1334 276
1335 275
1334 276
1333 270
1335 282
1330 272
1334 271
1336 287
1338 289
1339 294
1288 284
1300 284
1287 282
1284 281
1290 289
1294 282
1284 282
1342 306
1333 319
1340 314
1338 318
1340 326
1341 308
1340 318
1337 316
1345 320
1332 314
1309 305
1308 300
1308 296
1309 281
1320 307
1304 297
1308 300

Slide #22
1234 355
1244 341
1236 338
1240 345
1242 356
1242 364
1237 364
1240 366
1237 365
1033 414
890 516
890 490
897 512
898 491
903 490
908 499
892 488
869 510
738 606
737 614
732 609
727 605
734 600
731 614
726 614
734 610
729 616
730 616
739 634
717 617
665 618
666 620
661 611
665 618
654 602
736 586
924 448
924 444
914 442
920 440
922 436
926 445
922 446
921 442
922 438
922 433
949 236
950 221
938 232
952 231
944 232
937 240
936 225
953 238
941 246
945 240
950 239
940 241
949 240
943 251
940 248
926 253
936 244
931 260
938 246
932 264
939 254
686 240
662 252
662 249
666 260
659 256
658 249
690 272
770 341
1016 483
1104 283
1082 264
1082 266
1089 266
1086 267
1170 266
1292 257
1290 247
1286 255
1286 258
1285 256
1284 257
1288 250
1283 250
1284 256
1320 246
1316 252
1310 250

Slide #23
1318 246
1316 252
1322 244
1044 248
982 272
982 266
978 266
980 262
982 238
982 241
826 386
805 414
810 418
812 425
816 423
816 416
810 421
804 423
796 368
799 387
802 382
797 383
798 379
798 378
795 381
798 378
798 385
794 380
799 384
798 379
800 383
781 379
714 304
714 305
720 321
718 302
714 326
717 304
556 404
569 414
570 416
569 419
572 416
558 422
586 408
574 402
578 404
582 402
580 401
583 407
574 402
582 406
577 415
725 406
923 412
902 436
903 422
902 419
900 422
918 413
902 432
904 418
900 419
1040 429
1018 450
1017 447
1026 454
1023 452
1028 458
1032 446
1028 450
1031 445
1010 451
1012 445
1008 456
1014 451
1014 442
1014 448
1014 448
1012 458
1176 438
1217 436
1218 426
1216 430
1220 422
1218 428
1224 416
1206 436
1212 440
1338 400
1363 395
1368 395
1371 390
1366 387

Slide #24
1358 386
1367 396
1364 398
1366 391
1368 394
1356 390
1408 386
1414 408
1408 428
1416 376
1421 397
1404 400
1407 411
1412 402
1411 416
1161 718
1077 435
1080 400
1087 414
1076 400
1068 414
1057 417
1071 411
734 358
728 358
733 360
736 365
734 364
734 368
735 368
742 368
738 364
736 368
754 398
780 441
798 505
830 616
830 652
813 596
808 582
810 571
805 570
806 574
807 558
800 556
802 560
804 554
808 568
816 566
809 571
808 567
788 629
785 612
786 609
796 621
796 618
787 621
790 626
803 612
808 624
800 622
805 618
802 614
806 626
796 624
798 624
801 620
806 621
816 622
802 617
796 618
794 610
795 616
801 624
794 616
798 612
794 626
800 620
787 610
805 638
800 611
804 626
828 638
811 606
813 603
820 616
826 624
816 620
806 618
792 612
794 612

Slide #25
786 612
786 610
791 623
788 600
800 613
795 608
795 602
787 598
790 612
784 594
796 598
808 605
992 550
1036 524
1034 519
1044 530
1034 524
1044 519
1030 530
936 471
946 478
952 482
944 464
946 468
948 470
946 478
940 472
952 482
910 470
900 474
900 484
901 476
897 480
904 470
904 470
911 511
912 520
908 516
911 513
915 538
910 513
854 570
854 582
856 586
859 598
856 582
866 580
855 578
863 580
860 582
858 578
860 574
858 578
856 572
858 582
858 584
859 592
855 588
853 593
852 591
852 587
856 601
852 592
856 590
857 594
854 593
854 594
848 594
865 592
890 535
889 539
897 544
890 532
891 536
887 534
886 527
890 534
888 538
896 546
911 508
916 519
921 528
919 516
914 515
916 521
914 516
924 525
924 530

Slide #26
1008 504
1161 523
1154 512
1150 516
1158 516
1160 534
1157 522
1156 517
1156 512
1156 518
1154 524
1160 522
1156 518
1072 517
868 531
876 520
873 523
883 542
882 550
875 538
876 530
868 523
866 531
867 538
928 495
1017 434
1037 410
1040 406
1035 420
1034 422
1032 428
1028 416
1034 408
1042 404
1028 410
1038 418
1036 420
1060 426
1082 450
1077 446
1082 456
1074 450
1070 446
1072 448
1080 454
1082 459
1078 446
1076 454
1099 467
1099 461
1097 456
1094 458
1102 461
1102 456
1106 459
1100 460
1098 458
1100 458
1105 458
1105 477
1109 452
1108 470
1102 464
1102 458
1108 470
1105 472
1110 472
1104 466
1110 464
1111 470
1076 456
1082 452
1079 459
1085 456
1079 452
1080 458
1075 444
1079 460
1081 458
1084 460
1085 464
1094 471
1111 474
1104 463
1105 467
1102 472
1110 472
1070 459
866 455
735 452
752 430
768 441
762 438
760 430
758 430

Slide #27
750 316
748 315
755 324
755 301
762 292
754 290
760 278
764 284
763 289
766 283
758 281
764 295
902 380
956 372
956 372
961 378
957 381
960 374
960 382
1126 538
1128 587
1121 596
1136 592
1138 594
1130 606
1132 593
1128 592
1129 595
1130 596
1134 598
1130 601
1210 656
1194 662
1202 661
1187 658
1188 650
1164 627
1106 562
1096 554
1100 566
1102 562
1106 566
1103 568
1104 558
1116 600
1166 644
1154 664
1142 786
1136 798
1156 818
1144 829
1148 800
1145 786
1148 783
1146 802
1145 771
1207 684
1214 712
1179 706
1184 690
1188 693
1208 688
1220 674
1398 588
1426 576
1424 574
1426 576
1432 570
1431 573
1432 568
1432 572
1436 572
1449 549
1452 544
1459 552
1461 563
1460 557
1452 556
1425 540
1413 548
1418 559
1416 544
1416 554
1416 538
1210 502
912 394
777 312
777 312
776 312
772 316
778 318
776 318
775 325
781 323
844 304

Slide #28
844 306
836 309
841 308
840 303
844 308
836 310
842 312
836 311
835 310
836 308
839 330
838 311
850 344
855 366
862 374
866 376
863 384
860 384
894 401
981 467
976 464
986 485
982 480
973 466
976 480
976 464
976 466
1078 490
1064 526
1068 531
1070 516
1055 527
1059 515
1042 421
990 210
974 182
984 180
980 178
974 176
976 176
983 180
982 175
972 174
1100 168
1090 172
1099 173
1102 182
1104 177
1094 180
1096 172
1104 180
1106 180
1105 178
1105 174
1096 175
1135 176
1136 188
1053 190
1044 185
1034 188
1048 194
1043 196
1039 200
1042 190
1151 204
1358 186
1352 188
1360 184
1356 178
1358 178
1360 174
1353 172
1354 180
1355 176
1356 188
1360 168
1284 198
1282 193
1282 197
1292 202
1289 196
1286 198
1288 194
1232 202
905 240
679 255
645 250
626 240
632 243
623 236
628 237
628 240
632 242
630 222
626 242
679 243
694 272
694 285
693 260
696 260
707 238
702 254
600 298
586 298
584 264
586 270
582 270
580 290
609 242
618 243
619 273
618 254
619 263
618 267
622 254
562 262
555 227
563 246
561 244
569 248
562 258
570 221
563 256
568 253
584 244
590 249
580 214
588 236
577 207
590 247
583 209
580 214
636 245
631 264
636 242
638 240
634 250
632 257
558 266
560 235
559 266
559 262
561 257
560 262
559 266
562 272
566 264
567 258
557 262
615 273
630 262
627 257
628 254
624 245
633 258
628 256
627 251
626 249
624 263
623 256
619 259
621 257
626 264
623 263
622 264
627 263
621 261
630 265
564 266
567 286
577 275
574 263
575 280
574 278
619 257
635 266
628 254
619 250
623 253
637 259
622 242
596 248
624 230
604 291
617 281
620 274
629 270
624 262
626 266
626 257
622 261
621 262
589 306
591 301
598 297
592 290
591 306
599 284
586 316
596 282
595 307
601 288
594 290
594 310
653 338
736 427
946 529
932 490
932 480
932 506
932 494
928 496
936 506
935 500
936 509
933 508
1045 534
1048 576
1042 573
1038 560
1038 567
1029 574
1040 578
1031 570
1038 573
1034 566
1032 570
1051 610
1048 614
1050 609
1058 614
1060 602
1052 602
1049 604
1056 600
1058 600
1032 598
1228 673
1316 680
1321 688
1318 684
1308 676
1300 678
1311 674
1300 677
1297 678
1302 686
1297 672
1309 669
1298 680
1306 684
1386 705
1391 706
1386 728
1386 728
1381 748
1392 728
1388 716
1246 823
1239 848
1246 837
1244 846
1235 872
1228 854
1228 834
930 483
711 314
669 266
664 264
664 275
661 262
660 265
664 268
666 262
661 280
666 275
664 278
667 276
668 282
666 283
624 266
629 276
629 263
627 268
626 264
622 267
624 247
628 254
626 258
626 264
622 261
622 257
625 258
621 256
618 260
624 260
620 260
624 258
622 256
615 260
613 264
615 262
616 258
618 260
618 266
619 253
618 265
624 260
626 262
623 266
619 287
620 271
616 257
624 264
620 266

Slide #29
621 264
622 262
618 252
619 258
618 261
618 256
622 268
618 268
619 263
616 261
614 260
620 265
687 338
758 412
764 430
764 428
766 423
764 428
764 424
770 425
928 472
956 501
960 502
972 494
968 503
980 481
1022 546
1029 527
1024 531
1024 532
1027 534
1030 533
1020 551
1021 543
1020 532
1027 539
988 545
999 530
1014 537
1001 537
1009 520
1007 546
1050 494
1074 363
1076 361
1075 370
1068 362
1070 360
1170 474
1186 594
1178 604
1188 602
1186 586
1188 590
1180 568
1164 583
1180 566
1180 562
1172 561
1174 560
1174 566
1170 560
1212 441
1276 221
1279 227
1284 231
1274 234
1283 251
1276 238
1280 229
1274 238
1280 236
1278 228
1275 236
1285 294
1268 531
1269 534
1266 534
1268 532
1267 536
1272 534
1266 533
1261 538
1261 543
1253 540
1467 706
1480 707
1494 692
1482 698
1430 704
1392 666
1396 658
1394 662
1194 712
856 680
646 679
640 678
620 712
633 722
634 712
640 722
644 714
640 718
654 718
650 715
647 726
648 696
647 676
416 732
417 736
428 742
409 738
406 731
422 744
423 744
426 748
411 668
416 536
414 547
421 392
438 301
430 300
436 294
436 301
435 297
434 302
437 298
436 302
438 302
432 298
442 298
486 294
492 294
490 284
494 295
489 292
493 286
422 367
429 371
428 380
434 383
434 384
430 378
620 293
811 263
803 264
808 264
803 270
808 264
808 264
808 253
809 260
807 260
807 264
800 264
908 244
912 248
914 243
910 254
911 246
917 240
941 233
957 216
968 218
959 224
962 220
964 218
976 224
1136 219
1134 223
1134 220
1138 226
1136 213
1366 212
1462 212
1424 243
1424 248
1424 252
1424 248
1428 256
1438 262
1426 252
1428 252
1429 252
1428 251
1388 335
1355 350
1354 358
1356 373
1360 361
1354 370
1408 269
1406 266
1403 262
1404 260
1402 258
1404 254
1376 271
1366 270
1368 270
1372 269
1374 260
1376 264
1381 282
1388 272
1382 276
1384 276
1384 272
1386 266
1384 272
1379 276
1387 284
1384 270
1385 278
1386 282
1381 279
1388 276
1388 278
1390 272
1383 274
1384 266
1385 282
1394 309
1390 296
1388 302
1392 298
1391 290
1394 300
1390 299
1388 300
1386 281
1393 277
1388 274
1388 270
1388 274
1388 281
1384 272
1390 272
1384 282
1385 282
1382 277
1421 266
1418 255
1414 254
1422 248
1418 260
1424 256
1416 260
1418 252
1375 270
1385 274
1384 273
1381 278
1384 272
1291 340
1186 435
966 732
972 753
970 750
979 758
970 738
971 754
976 757
974 752
966 746
970 736
1096 700
1100 688
1094 693
1092 696
1090 696
1088 708
1084 700
1047 710
1048 714
1054 704
1048 710
1050 709
1169 672
1159 686
1156 716
1152 692
1166 750
1151 694
1144 702
1082 679
774 666
670 684
662 680
659 674
644 702
631 674
637 690

Slide #30
638 701
640 693
652 704
644 713
644 690
680 683
677 692
690 682
684 685
690 681
686 668
697 611
638 430
642 420
645 424
650 415
640 425
878 436
942 426
936 434
940 432
936 436
940 436
944 434
931 434
934 440
943 440
944 448
944 449
940 446
940 456
958 526
955 666
958 670
950 680
954 680
964 659
959 668
955 660
806 660
728 736
729 738
720 731
723 728
717 724
718 725
636 592
614 536
620 534
612 535
612 541
620 538
622 537
620 400
618 400
618 408
620 407
614 408
613 408
620 414
632 406
837 298
884 305
886 308
884 302
886 300
888 298
887 302
904 306
990 272
984 273
986 278
987 280
994 282
986 278
971 346
958 380
960 386
956 392
958 386
952 383
954 392
1226 394
1338 412
1336 414
1338 415
1337 418
1339 418
1338 418
1341 380
1324 238
1310 220

Slide #31
1316 226
1316 235
1314 227
1317 228
1316 231
1223 230
910 294
850 322
852 322
846 323
844 335
845 332
842 332
842 336
867 347
894 387
903 392
899 388
900 394
898 386
864 393
571 448
570 451
558 463
552 468
552 466
554 458
564 466
562 458
567 470
563 467
565 462
574 468
933 413
1265 443
1349 502
1362 399
1364 352
1362 364
1358 358
1362 364
1364 364
1384 327
1362 363
1366 380
1360 370
1364 378
1364 382
1370 380
1362 386
1366 384
1364 380
1270 468
1254 463
1265 480
1263 468
1256 480
1259 462
1127 578
1035 686
1038 701
1034 690
1030 697
1026 700
1040 706
1032 699
1032 700
1030 708
1032 686
1028 686
995 708
996 706
1000 714
996 704
1004 708
1038 658
1040 664
1048 666
1049 672
1050 682
1042 666
1046 670
924 657
554 689
540 652
516 656
516 666
458 723
466 726
466 724

Slide #32
456 720
466 728
460 724
472 724
471 716
458 721
730 494
853 397
854 386
852 390
856 394
860 388
858 388
852 388
856 390
856 388
853 398
864 390
857 405
850 404
878 424
882 426
880 428
889 426
886 422
882 426
888 424
882 430
898 440
910 472
914 466
910 460
910 471
903 480
907 474
909 480
903 484
906 476
901 476
906 476
919 476
925 486
1172 527
1325 604
1372 711
1334 832
1314 884
1319 856
1312 867
1314 890
1326 850
1329 856
1320 876
1248 808
948 560
860 458
852 464
842 452
844 448
846 444
850 454
844 452
849 456
837 358
839 358
840 360
844 361
838 353
846 366
839 360
830 322
830 327
832 326
831 326
830 326
826 320
836 322
832 324
943 282
956 274
948 273
956 273
954 276
952 282
954 270
958 274
956 276
938 278
944 279
944 278
942 280
946 278
937 278
1033 273
1131 267
1126 301

Slide #33
1126 304
1120 295
1131 272
1134 276
1131 268
1010 338
888 306
884 306
888 314
890 310
884 310
868 346
873 339
950 373
1023 472
1044 410
1052 401
1043 404
1052 398
1053 406
1046 398
1046 397
1054 406
1067 417
1253 435
1246 448
1255 458
1251 463
1252 454
1253 454
1251 456
1220 484
1217 481
1222 478
1224 487
1222 488
1224 490
1224 482
1026 434
966 432
960 436
953 425
944 437
933 428
888 507
826 619
874 444
868 446
867 446
870 444
874 444
872 446
865 434
866 436
864 440
862 342
862 351
858 347
861 348
858 355
860 354
856 346
858 351
858 355
856 346
862 358
858 367
864 364
863 366
856 365
861 364
862 356
858 334
866 341
858 332
858 334
853 337
840 393
840 559
866 411
866 391
868 390
864 366
870 377
868 382
858 380
864 391
855 386
858 384
864 389

Slide #34
862 400
861 400
858 400
862 403
861 508
834 529
845 420
844 396
836 404
1041 570
1102 620
1106 624
1096 630
1096 620
1098 628
1103 630
1094 627
1098 624
1100 628
1034 397
1036 402
1032 406
1032 392
1036 403
1030 396
1035 407
1036 404
1156 342
1172 326
1176 336
1176 324
1172 158
1368 298
899 630
899 630
893 632
894 637
682 640
578 619
560 644
572 635
570 651
565 635
559 645
585 578
582 448
590 441
593 440
589 446
586 458
590 454
584 454
587 462
604 450
626 428
627 424
622 436
626 434
626 434
624 434
626 428
621 430
604 472
554 704
570 710
562 703
568 703
555 704
570 698
570 683
592 682
580 646
580 644
593 631
598 636
591 642

Slide #35
610 252
628 254
636 252
627 254
638 247
633 250
633 254
635 251
739 246
922 330
916 350
920 360
926 356
922 340
797 581
788 612
929 340
940 421
978 518
995 500
982 505
991 508
987 504
990 504
977 519
978 518
1038 528
1029 526
1034 522
1032 529
1034 524
1030 525
1046 556
1122 595
1130 594
1124 594
1130 596
1124 592
1128 598
1100 583
1096 571
1092 570
1092 560
1096 563
1099 568
1092 574
1150 610
1172 616
1172 617
1170 622
1166 616
1170 619
1170 614
1174 618
1177 626
1182 618
1182 624
1190 607
1106 636
1109 628
1103 632
1106 642
1102 628
1100 638
1100 631
1093 635
1096 640
1104 634
1108 620
925 680
725 756
720 722
755 678
767 673
766 661
770 658
698 738
671 724
668 726
663 720
668 733
666 722
668 728
664 730
664 728
668 727
654 552
660 254
674 244
662 281
666 249
661 274
664 270
666 266
665 268
660 235
662 270
688 248
686 258
682 254
686 257
685 253
678 254
686 251
680 252
924 263
1028 258
1024 258
1025 256
1023 262
1030 252
1023 263
1030 256
1110 256
1219 266
1222 264
1221 266
1224 265
1220 265
1220 266
1222 260
1217 254
1222 258
1224 256
1218 265
1179 274
1185 270
1178 274
1182 274
1178 280
1180 278
1182 278
1217 279
1257 292
1266 298
1256 304
1256 302
1264 298
1258 293
1200 285
966 282
955 295
955 298
960 292
954 294
962 285
962 284
962 286
958 286
929 284
936 292
932 293
930 290
930 288
928 292
936 292
1020 321
1010 318
1021 322
1003 318
1011 319
1012 324
1018 318
1007 325
859 382
864 386
862 386
862 376
868 382
866 378
862 378
866 385
872 374
879 365
858 376
874 372
871 369
1034 388
1026 392
1032 385
1030 398
1032 389
1032 392
1033 396
1030 390
1022 394
990 424
1003 426
1006 428
998 423
1000 426
1002 427
1004 426
1004 422
1004 432
943 456
820 458
680 630
677 668
698 554
696 542
691 554
696 547
690 547
694 556
690 548
696 552
671 568
885 694
883 704
894 694
888 704
887 697
889 681
895 696
844 654
860 648
852 649
840 644
946 684
944 682
952 685
951 690
954 678
954 674
884 697
802 734
797 736
802 730
805 720
797 738
798 730
790 723
798 719
790 730
791 720
793 724
755 524
750 492
746 492
751 493
744 495
746 486
774 590
1112 644
1080 624
1082 626
1086 622
1080 642
1078 625
1086 618
1080 620
1062 645
1050 647
1048 651
1048 652
1040 653
1047 642
1038 701
970 854
1110 624
1107 500
1108 497
1110 503
1107 504
1104 506
1108 499
1109 506
1104 502
1106 496
1112 502
1101 530
1097 534
1107 539
1076 492
1070 491
1067 496
1074 494
1076 496
1070 494
1133 507
1128 512

Slide #36
1126 513
1128 508
1136 510
1132 514
1132 514
1139 514
1135 515
1140 508
1135 512
1136 506
1034 511
739 456
744 457
738 446
734 465
740 459
740 456
740 456
741 479
679 416
662 369
679 255
666 356
666 357
666 365
666 373
668 377
1024 586
1016 578
1014 572
1020 574
1025 570
1023 574
1018 576
1020 567
1017 576
902 517
663 368
670 374
676 360
681 361
673 358
672 358
669 373
672 375
663 372
648 348
652 352
646 360
646 353
654 356
650 352
646 354
784 448
934 554
940 554
934 555
944 547
938 556
945 557
940 555
972 548
1018 536
1024 537
1019 537
1021 534
1022 534
1020 539
1028 533
1182 787
734 580
718 458
714 420
713 432
708 434
715 432
714 434
658 361
668 357
674 359
669 362
669 344
672 365

Slide #37
665 348
670 351
671 340
668 344
634 378
724 514
733 523
735 542
729 538
734 535
736 550
726 540
771 546
901 519
908 512
908 512
902 526
902 523
902 528
910 530
903 518
896 516
900 522
898 506
902 510
903 544
922 734
959 445
952 366
956 363
934 355
956 362
955 364
956 373
956 380
960 378
952 372
952 380
952 386
950 385
927 394
883 415
878 423
881 420
880 417
876 426
883 410
880 416
881 418
880 414
944 418
962 409
962 425
960 423
956 430
954 422
955 420
950 422
961 419
962 425
954 421
960 424
930 492
930 499
933 502
933 502
931 497
935 500
934 498
932 496
933 498
928 490
929 450
925 453
929 455
928 458
930 453
896 434
900 439
902 432
894 438
896 437
894 435
1031 565
1023 584
1015 593
1022 590
1019 584
1022 594
1026 596
1024 588
1120 622
1142 650
1138 662
1137 662
1144 664
1144 660
1148 662
1148 662
1156 386
1157 692
1154 726
1158 720
1155 735
1150 736
1146 742
1146 746
1141 760
1138 748
1188 712
1198 698
1196 706
1192 703
1192 697
1196 704
1199 695
1191 714
1198 689
1197 700
1200 700
1173 658
1160 646
1160 639
1154 646
1163 637
1158 636
1244 714
1241 722
1242 717
1243 720
1246 724
1244 710
1238 724
1236 722
1188 574
1192 566
1194 580
1190 575
1192 570
1160 578
1099 567
1098 566
1096 570
1097 558
1098 560
1092 558
1076 550
1078 544
1075 544
1136 303
1142 308
1138 332
1138 325
1135 327
1134 318
1139 320
1136 311
1132 314
1136 310
1130 309
1168 308
1176 300
958 316
721 355
723 374
708 360
703 383
706 363
656 332
657 342
672 338
668 342
670 338
662 347
664 340
665 344
670 321
658 441
659 604
664 604
668 597
670 600
672 598
673 601
674 598
672 602
675 598
675 600
736 620
728 616
730 624
791 594
794 598
796 590
792 590
794 590
794 584
875 356
874 350
874 355
874 360
874 360
874 354
870 365
876 361
793 349
778 346
778 346
776 346
776 346
778 345
777 347
723 350
718 348
728 346
731 346
730 348
725 349
748 359
752 374
755 362
756 364
758 358
756 356
755 348
753 354
756 352
759 343
762 344
748 343
882 354
986 363
972 359
978 364
978 368
972 376
970 374
976 370
974 372
1002 354
1005 358
1012 348
1007 356
1008 356
1004 353
1006 356
1003 348
1034 317
1038 316
1036 308
1038 316
1040 314
1040 319
1042 322
1038 318
1038 309
1046 314
1121 354
1118 348
1122 348
1118 344
1122 344
1123 342
1124 340
1123 347
1126 347
1128 342
954 418
804 508
794 607
772 629
773 634

Slide #38
773 636
770 631
678 690
679 684
680 682
675 690
678 688
676 680
676 702
678 691
846 566
948 541
946 546
950 548
948 546
950 551
1030 534
1024 536
1035 534
1010 594
1010 604
1003 602
1010 595
1062 649
1188 670
1188 662
1183 668
1184 678
1191 663
1183 660
1184 674
1190 668
1180 664
1080 682
937 709
796 759
772 742
766 762
761 754
693 749
568 734
540 728
545 720
539 733
537 726
537 732
540 727
539 727
629 702
651 710
650 707
656 698
656 695
650 704
654 696
650 702
652 707
656 700
644 698
656 704
880 609
1034 578
1047 565
1018 598
990 618
1018 600
1020 604
1025 608
1038 690
1020 710
1013 708

Slide #39
1012 710
1008 708
1006 696
1013 699
1001 692
1010 701
1014 656
1017 661
1013 667
1004 680
998 666
1012 648
978 598
872 420
871 368
860 394
864 386
875 364
870 379
866 376
871 380
813 386
714 336
722 342
720 336
719 337
722 342
722 337
723 336
724 334
726 336
674 444
662 470
652 480
670 450
666 462
667 450
664 428
667 414
670 420
674 430
670 428
999 437
1086 474
1095 480
1090 474
1088 476
1095 474
1096 474
1102 489
1090 502
1100 500
1102 502
1104 496
1100 501
1106 502
1101 498
1181 484
1436 376
1435 368
1382 396
1384 370
1384 376
1382 386
1387 381
1370 375
1099 409
936 478
943 570
956 518
970 482
979 488
966 480
992 482
1103 480
1088 493
1088 492
1082 490
1091 471
1069 495
1079 487
1092 496
1073 496
1066 490
1069 496
1065 510
1067 502
1064 490
1070 500
1060 487
1051 496
1071 493
1070 510

Slide #40
1076 489
1097 496
1100 492
1099 502
1100 498
1096 507
1104 506
1098 496
1102 500
1098 505
1104 497
1101 494
934 419
908 393
903 398
900 400
906 406
903 390
888 426
836 352
792 404
796 416
796 418
800 431
796 414
800 436
792 438
798 421
792 436
674 440
667 446
673 434
668 434
674 435
676 438
675 436
676 440
673 440
676 436
674 438
676 440
674 444
672 440
675 451
801 484
830 1073
1008 505
1008 520
1007 513
1007 512
1007 512
1004 516
1004 520
1004 518
966 496
966 492
963 490
968 498
970 500
971 494
970 494
968 494
966 494
966 491
969 491
970 492
970 494
970 496
966 492
967 495
968 494
969 498
968 492
970 496
972 496
867 448
731 398
725 397

Slide #41
725 408
722 394
722 400
718 399
713 402
820 374
996 354
989 354
990 349
994 354
991 371
990 358
956 396
940 458
938 456
940 453
942 456
942 458
942 462
940 454
940 445
945 466
882 508
884 512
892 516
882 513
882 508
887 504
890 504
887 504
892 502
890 492
896 498
925 424
925 423
924 424
924 424
924 427
926 417
926 428
926 418
928 423
928 412
928 422
927 410
930 416
927 428
932 427
930 417
928 425
930 414
908 418
909 424
914 430
910 425
913 426
867 438
744 458
673 730
790 438
797 428
818 419
798 433
799 435
920 414
936 424
936 421
932 430
938 430
934 419
932 424
