
Slide #1
1130 517
678 468
545 375
483 226
468 190
504 242
667 280
878 437
882 420
884 426
877 421
878 406
879 414
880 412
874 428
905 484
1015 442
1117 554
1082 452
917 584
910 505
881 438
893 452
889 455
913 550
926 528
924 522
948 465
977 503
1023 442
1027 454
1028 466
1030 466
1003 471
1022 473
1023 445
1046 498
1013 430
1040 476
1048 454
1042 408
1038 414
1032 393
1052 377
1156 175
1029 412
1028 424
1028 416
1024 406
1014 420
992 435
946 692
958 834
934 843
942 795
762 823
998 840
1001 604
980 610
990 616
1000 616
991 616
990 614
983 613
987 609
984 606
985 608
977 606
977 609
847 598
849 606
844 601
844 596
853 598
846 594
848 602
846 596
832 586
823 600
837 594
818 600
836 599
832 608
837 596
824 594
834 592
834 586
787 541
816 407
812 366
811 368
827 427
815 366
824 410
808 350
838 418
824 406
826 416
826 426
831 403
821 346
822 414
836 404
830 408
827 392
836 401
842 406
825 408
836 406
822 404
821 362
812 386
826 408
822 400
832 384
842 391
700 710
684 474
719 470
708 458
702 538
701 463
707 462
715 452
710 440
707 442
712 444
698 439
722 446
722 436
709 426
716 428
720 430
726 416

Slide #2
717 422
731 426
714 426
722 418
720 408
714 414
712 408
716 417
715 410
760 459
760 465
746 474
742 472
744 476
746 478
736 469
790 492
794 502
792 497
790 499
798 502
792 498
796 502
792 492
795 489
888 500
932 506
926 499
920 496
934 507
926 504
935 502
994 528
992 528
994 528
988 530
990 529
988 519
1069 543
1117 571
1108 560
1106 546
1114 560
1110 550
1112 554
1111 558
1256 604
1246 598
1246 601
1242 606
1252 602
1252 600
1198 588
1180 584
1178 578
1174 584
1186 586
1178 566
1182 577
1132 546
1143 548
1152 542
1158 542
1156 546
1160 542
1156 545
1162 536
1244 626
1416 798
1412 807
1436 802
1425 800
1442 798
1430 796
1406 801
1406 798
1467 772
1415 776
1380 726
1380 734
1393 733
1373 742
1360 738
1396 738
1358 738
1358 736
1386 746
1285 813
1284 822
1286 824
1266 821
1265 822
1272 825
1310 723
1355 614
1326 607
1352 606
1342 617
1373 554
1390 612
1344 612
1356 612
1276 673
1402 450
1424 452
1425 458
1424 456
1373 471
1351 522
1359 572
1369 531
1342 579
1350 588
1341 598
1414 342
1410 305
1402 334
1412 331
1396 330
1412 328
1408 331
1394 301
1056 562
1400 283
1380 310
1390 286
1109 346
1013 442
1008 449
1017 445
1000 454
1002 455
1014 455
1022 440
1025 457
937 348
915 352
913 334
917 341
904 342
894 328
890 358
794 339
792 337
782 338
786 340
796 336
780 322
739 373
458 348
467 354
470 352
467 348
468 341
458 348
483 343
469 344
469 336
462 350
458 373
462 358
455 340
454 358
461 342
459 356
446 347
493 374
488 383
500 386
496 384
485 352
487 366
476 380
524 311
526 304
544 327
522 304
530 320
524 306
532 336
638 210
629 212
611 330
601 315
606 318
497 391
472 634
458 637
527 628
524 620
520 616
545 626
540 620
543 634
490 720
491 750
497 756
497 761
496 758
488 765
484 762
484 769
451 789
464 794
442 792
456 800
437 798
439 798
448 788
626 787
710 792
707 796
714 797
764 795
775 810
772 803
728 798
749 746
752 742
755 730
758 740
756 736
760 742
788 685
792 672
794 672
796 676
786 676
790 676
796 682
805 810
799 812
796 823
802 818
800 824
798 824
792 822
800 826
716 840
736 838
736 838
738 840
736 854
726 844
732 854
719 857
708 856
706 852
706 858
754 750
831 572
837 574
834 574
825 578
834 580
826 576
823 573
827 575
830 508
830 504
836 499
834 509
838 508
838 514

Slide #3
198 715
242 636
778 450
778 446
778 429
775 443
775 445
775 457
770 451
908 556
901 550
900 564
908 572
1065 608
1080 618
1078 626
1082 622
1078 622
1066 615
1067 622
1076 622
1072 622
1217 600
1303 600
1280 603
1292 603
1233 632
1287 627
1307 616
1314 615
1295 628
1406 621
1455 606
1451 634
1428 644
1339 510
1266 357
1266 380
1241 381
1240 386
1262 388
1194 380
1192 361
1200 363
1198 382
1192 383
1186 390
1180 382
1171 399
1197 438
1204 439
1128 411
1068 508
1013 546
1020 541
1120 511
1066 514
1032 618
1068 620
1078 622
1084 612
1070 618
1062 619
1123 629
1056 652
1065 651
1112 628
1110 637
1118 628
1119 624
1075 669

Slide #4
1142 654
1152 633
1136 645
1150 648
1142 642
1150 652
1144 654
1145 643
1160 642
1148 640
1150 632
990 568
874 489
878 498
874 496
864 502
876 508
874 504
878 504
868 498
876 510
873 502
854 520
791 584
790 588
831 586
679 788
726 641
736 644
738 664
652 759
665 768
652 764
656 761
660 768
654 762
656 782
682 814
688 821
686 814
692 816
688 814
709 824
1091 654
1231 596
1232 602
1220 614
1236 594
1238 606
1231 606
1237 614
1224 626
1226 624
1362 722
1372 724
1354 735
1349 754
1353 736
1356 750
1368 724
1360 732
1362 732
1305 622
1308 631
1314 590
1306 592
1328 577
1326 580
1315 580
1322 600
1391 798
1408 806
1406 818
1411 815
1400 814
1364 802
1367 807
1362 808
1362 813
1202 847
1045 872
1057 877
1054 876
1058 888
1069 890
1052 874
1053 876
1059 885
1060 881
1184 904
1174 898
1176 898
1132 620
1040 457
1033 559
549 815
803 610
1106 518
1118 518
1115 508
1109 508
1118 464
1125 449
1128 461
1140 458
1129 456
1133 458
1134 454
1138 452
1138 453
1127 461
1153 410
1292 306
967 551
1294 300
1290 304
1290 296
1282 297
1284 299
1285 293
1288 292
1282 298
1283 288
1291 290
1285 293
1301 288
1305 292
1406 292
1407 292
1408 302
1396 296
1309 306
1338 316
1355 300
1316 302
1344 297
1336 313
1334 314
1304 287
1331 291
1170 278
1084 286
1097 304
1090 304
1096 288
1078 283
1008 290
1020 294
1008 290
1008 286
1010 302
996 286
1012 300
1018 310
930 274
932 264
938 285
960 300
962 284
929 254
921 252
937 274
921 264
939 279
937 280
915 297
876 264
885 278
909 274
886 295
864 284
841 458
735 357
736 362
742 346
726 335
676 280
666 338
771 205
764 209
755 216
744 238
751 201
606 464
754 284
754 272
777 255
779 248
781 255
596 434
660 278
752 252
746 250
743 236
692 399
755 242
586 202
580 253
582 228
592 280
596 248
597 272
590 268
579 278
602 273
588 282
588 271
647 282
592 270
600 273
588 272
592 287
607 248
602 256
604 269
618 262
594 258
595 257
627 272
596 280
584 282
604 267
610 287
628 293
615 297
618 287
606 275
618 273
609 104
652 4
626 60
634 40
675 6
637 43
534 227
582 265
566 292
514 229
541 269
565 272
552 264
515 337
524 334
529 252
524 334
504 324
500 311
519 327
521 366
528 358

Slide #5
526 352
528 348
532 375
571 345
565 349
584 364
570 364
560 357
580 368
723 480
906 538
903 548
902 542
896 554
930 570
1003 970
1036 657
753 548
931 474
958 442
1036 502
1032 506
1027 508
1027 504
574 731
1165 676
1178 668
1172 652
1184 662
1186 672
1174 658
1355 854
1377 895
1391 873
1381 882
1402 920
1425 924
1431 927
1410 932
1434 918
1449 907
1413 927
1398 937
1409 934
1402 936
1410 934
1409 929
1415 935
1423 894
1420 524
1352 469
1354 480
1361 454
1355 468
1354 466
1334 416
1332 425
1321 439
1331 426
1332 433
1328 441
1376 254
1378 151
1210 262
1332 409
1276 48
1271 20
1275 30
1283 19
1286 15
1269 71
1285 16
842 447

Slide #6
1296 49
1288 32
1178 31
857 436
884 438
900 453
934 426
890 436
878 440
887 454
806 355
815 458
814 504
820 478
788 444
782 450
796 458
812 448
802 454
778 444
686 430
691 435
678 438
702 438
728 374
736 360
754 359
708 281
696 286
698 289
702 276
721 284
712 277
651 167
695 282
647 175
663 145
658 164
701 291
651 161
661 179
655 207
674 160
663 176
658 162
658 161
660 135
669 125
678 156
740 343
722 360
705 422
746 371
728 372
590 473
622 407
718 374
716 378
640 402
720 374
728 368
741 380
720 367
727 371
724 366
732 364
722 382
671 394
540 451
527 432
540 448
534 446
545 448
544 454
570 518
592 560
546 582
554 596
545 590

Slide #7
551 582
540 582
544 579
796 752
798 760
793 761
798 754
792 754
793 760
798 748
804 752
737 618
744 566
735 563
732 563
742 567
726 564
740 566
816 615
1128 768
1152 779
1149 786
1171 767
1164 778
1176 774
1335 800
1314 806
1330 800
1327 798
1316 810
1236 827
1250 828
1234 830
1246 822
898 726
1264 822
1236 826
1243 824
1236 827
1241 826
1236 828
1249 818
1257 814
1248 829
1345 603
1076 615
1408 477
1398 474
1366 435
1346 422
1364 412
1343 384
1400 364
1337 387
1401 359
1332 385
1328 382
1345 294
1214 275
1370 152
1228 294
1244 297
1346 170
1354 55
1086 125
1084 142
1105 170
1200 333
1090 186
1223 374
1202 317
1198 310

Slide #8
1184 291
1228 363
1238 309
1239 324
1294 352
1130 346
870 426
870 427
874 468
844 398
816 372
812 374
809 360
947 458
930 458
926 482
749 638
912 515
1000 516
947 509
990 530
992 524
962 524
948 520
953 524
954 528
951 527
958 516
967 531
604 365
1040 516
1033 509
1032 514
1040 518
1035 516
1292 542
1332 544
1319 564
1340 552
1319 567
1324 557
1331 548
1328 562
1342 558
1422 536
1458 520
1419 498
1407 486
1406 490
1248 578
1238 592
1240 600
1242 602
1241 612
1240 608
1249 604
1244 606
1262 381
1101 630
1096 634
1098 632
1090 633
719 685
523 746
959 504
644 818
658 374
772 344

Slide #9
551 570
938 295
762 597
597 268
593 281
603 299
607 275
607 264
652 266
596 460
598 416
624 422
604 426
624 432
772 370
628 428
628 428
627 419
654 389
854 364
816 386
822 384
824 364
1030 379
820 378
830 368
1042 388
821 386
836 430
1049 536
1054 534
1053 530
1080 510
1048 534
1054 538
1048 534
830 448
1045 547
1045 537
1040 533
1151 556
1191 586
1234 586
1224 600
1222 600
1237 584
1266 567
1226 594
1237 582
1274 589
1181 606
1231 589
1241 578
1277 561
1242 580
1200 603
1064 547
1279 549
1247 548
1228 583
1258 551
1237 579
1175 543
804 364
836 350
804 351
820 372
1035 325
609 316
826 461
1062 375
1076 335
1051 375
614 345
598 341

Slide #10
825 356
810 370
706 408
809 377
976 411
806 370
797 362
990 397
824 360
687 413
894 544
801 366
775 430
788 433
785 432
776 441
902 467
782 434
757 506
652 549
652 555
648 558
654 563
645 566
647 560
616 543
618 544
615 538
623 536
612 540
624 549
618 547
604 550
609 544
622 553
605 544
613 550
704 524
1042 512
1034 509
1026 520
1038 513
844 446
636 390
621 388
627 416
608 426
613 421
599 427
825 430
632 420
817 446
783 460
1099 330
1160 474
1146 485
1128 494
1148 457
1184 424
1165 416
876 462
1158 426
1223 376
1020 566
921 810
923 818
920 808
928 806
914 824
884 836
889 844
936 838
933 833
933 841
912 844
913 840
907 829
942 844
1300 867
1284 880
1312 878
1300 882
1304 880

Slide #11
1291 883
1302 883
1284 904
1268 872
1270 871
1266 872
1278 870
1277 869
1224 852
898 738
904 720
904 722
909 740
906 728
918 722
884 648
925 555
905 565
906 581
904 578
844 560
694 500
456 395
443 417
455 408
440 387
690 500
449 380
434 406
442 380
530 486
530 394
503 477
532 384
531 476
532 465
508 442
510 452
510 470
522 482
510 424
518 452
758 296
395 471
764 325
596 412
690 251
467 450
443 465
746 336
734 338
634 395
728 318
624 410
826 382
916 434
1178 558
1182 547
1182 553
1176 563
1166 540
1150 544
1168 550
896 456
1161 646
1140 736
1138 736
1172 724
1146 740
1144 737
1154 730
1158 732
1138 752
1154 732
1100 753

Slide #12
1154 769
1320 914
1321 925
1275 890
1276 898
1274 898
1276 897
1273 902
1138 690
1060 596
1069 614
1074 600
1066 614
1060 609
1062 602
1172 602
790 660
1164 604
823 486
1236 656
598 248
1026 407
577 374
594 386
421 524
583 445
852 420
710 537
706 558
640 390
710 562
654 410
672 549
635 566
650 576
651 578
654 582
646 573
334 776
639 572
626 582
647 584
547 758
523 792
530 788
538 794
532 780
544 794
600 490
528 790
478 844
850 804
865 817
873 818
897 750
905 773
910 743
897 753
867 821
889 796
852 823
916 756
875 803
854 829
846 824
931 784
1254 670
1240 688

Slide #13
1176 657
1233 694
1311 713
1335 716
1287 750
1350 710
889 486
968 452
1174 541
1026 522
834 390
579 331
1086 525
1085 517
1166 390
1176 394
1169 404
1177 389
854 504
880 482
886 494
1150 384
837 460
838 474
845 508
836 498
1045 382
593 516
1159 494
1197 579
1183 585
1154 567
1236 582
888 480
1238 578
1234 562
1221 573
1234 580
1235 590
1123 687
1192 630
1192 634
1176 654
1228 651
1192 762
1185 766
1196 772
1207 765
1210 772
1208 773
1198 780
1164 782
758 836
771 842
775 838
799 818
698 882
692 862
700 859
708 824
698 856
668 880
666 874
657 881
660 887
578 460
811 443
850 315
634 295
603 444

Slide #14
624 424
836 302
646 430
628 372
381 499
612 470
931 331
578 439
652 410
749 344
622 418
552 436
631 656
698 643
682 574
672 626
738 629
738 640
727 648
732 653
737 651
752 668
740 658
748 648
749 648
748 651
754 658
747 668
1072 587
1065 586
1048 593
1046 591
1054 596
1052 596
1134 563
1142 569
1203 567
1130 559
1148 566
900 483
1144 569
1146 563
1140 552
1170 554
1237 547
1237 561
895 461
1220 536
1216 546
1273 544
980 446
1351 576
964 472
1347 607
950 483
1407 544
1006 485
1182 590
969 528
967 529
974 543
1243 593
550 431
540 413
1284 393
551 373
992 560
880 516
543 369
1210 512

Slide #15
1337 305
1252 488
886 396
563 293
1013 485
572 253
564 288
589 308
776 373
776 378
783 380
781 376
768 378
1286 606
1316 740
1349 634
1346 630
1162 608
1157 601
942 570
1162 576
1318 589
1333 578
1162 579
831 654
952 587
1158 582
1150 586
942 554
1162 589
1184 578
1266 704
915 575
1280 710
585 413
938 588
1240 717
1246 714
1180 694
1226 710
936 548
933 631
763 532
600 456
648 588
830 665
835 674
834 677
818 696
385 505
754 691
735 692
682 540
914 380
774 503
784 515
790 500
904 394

Slide #16
904 402
903 406
782 507
631 514
772 500
771 494
782 485
777 446
762 417
618 539
798 414
610 543
610 544
604 529
594 520
678 422
682 428
686 422
694 418
626 481
560 553
594 520
635 474
700 408
614 478
1091 523
1129 568
1119 574
791 568
1102 589
1130 572
1120 570
1135 564
1112 564
1223 555
1235 570
1231 560
1234 548
1230 561
909 555
1261 600
1216 572
1164 620
1263 600
1214 582
1242 600
1247 610
1244 612
1240 612
1242 615
1240 612
1310 697
1307 707
1316 706
1292 702
1254 703
1312 714
1306 703
1296 714
1295 710
1202 679
936 563
1266 696
1320 704
1318 716
1330 714
1140 576
847 522
1088 428
867 510
1089 458
1074 484
874 501
923 484
945 461
1126 503
1137 514
914 512
918 504
929 494

Slide #17
945 448
946 490
1080 479
1232 357
1072 484
937 516
1344 361
1081 497
1002 486
832 510
820 506
826 494
1055 468
826 490
836 500
837 474
830 480
1146 512
1149 507
1150 507
1159 512
1148 507
1151 510
1155 508
1156 502
1136 508
656 487
669 490
659 490
786 417
674 476
680 483
667 486
647 417
680 476
680 472
676 455
797 410
784 400
435 564
417 541
421 503
428 540
647 322
418 531
656 306
642 310
630 315
633 313
386 531
416 531
421 529
746 426
592 592
644 529
637 546
527 762
636 544
636 532
646 648
592 600
630 654
628 668
630 674
624 690
626 686
630 694
632 694
423 873
588 708
569 729
590 715
598 715
580 734
600 720
570 755
567 731

Slide #18
582 750
652 704
632 713
644 715
631 714
624 740
644 711
630 730
692 692
851 644
647 532
844 648
666 549
846 652
846 654
842 619
734 444
740 442
732 446
743 444
736 444
740 450
740 448
736 452
852 572
1009 670
1004 680
998 678
1006 671
1002 672
994 677
1000 674
990 673
1000 681
1000 676
1036 744
1047 740
1041 746
1044 740
1044 748
1044 745
1040 751
1182 757
1250 754
1180 733
1228 756
1240 757
1156 706
1236 761
1237 758
1262 737
1228 757
1198 731
1248 750
1226 766
1168 721
1252 664
1244 681
1240 670
1248 664
1234 674
1293 670
1295 689
1302 684
1226 660
1204 638
1179 620
1260 674
1300 672
1215 552
1209 529
1207 549
885 487
1210 531
1206 542
1218 526
1208 534
898 486
1209 526
1122 506
1137 511
1136 506
1142 502
1142 493
772 568
1104 508
1112 504
901 501
798 564
1118 475
792 536
904 493
1120 484
1138 412
1146 397
861 479
1133 390
1148 406
859 459
672 470
792 388
795 408
782 403
792 408
780 405
784 393
786 392
764 376
810 668
721 480
727 451
677 384
687 372
674 615
684 504
675 530
690 516
691 510
680 519
681 500
810 444
804 448
640 558
748 496
745 498
664 551
740 502
782 581
780 566
770 580
767 530
774 564
787 574
782 560
766 549
789 586
792 584
774 578
802 584
804 577
814 579
806 598
804 592
749 522
806 630
810 631
774 539
812 626
815 626
811 628
806 626
828 652
829 664
834 649
826 654
812 658
826 650
830 654
837 655
738 522
807 681
814 666
812 673
796 702
812 682
851 620
819 686
778 721
831 755
764 692
778 724
783 728
782 729
902 714
910 703
930 689
902 709
902 712
914 708
901 714
946 700
1000 721
1074 687
1002 724
883 681
1056 691
1005 684
1008 692
1004 686
1012 684
1004 691
1014 690
1008 690
728 584
1078 696
1087 686
1074 684
1074 682
1092 689
1080 698
910 512
1162 752
1146 760
1140 760
1156 753
1102 755
1117 758
1192 748
1144 748
1176 752
1157 750
932 531
938 521
936 525
1227 730
929 518
1222 720
1230 734
1242 752
593 301
1251 758
1268 745
574 308
587 310
985 511
974 516
608 283
1215 736
579 302
589 318
955 518
978 520
1312 755
569 315
1264 679
1322 691
1314 693
1291 686
1323 678
1310 690
1288 679

Slide #19
1318 656
978 509
972 497
1267 649
1299 658
1306 671
968 508
1304 652
1218 654
924 515
1269 670
1242 658
1219 646
1053 670
1062 676
1004 645
1018 657
1003 647
1001 650
926 662
674 700
510 695
534 710
526 703
528 704
524 702
526 700
511 701
506 702
504 706
506 696
506 702
529 616
545 576
618 475
604 492
748 436
847 416
735 510
834 427
830 417
715 502
956 422
856 423
858 430
874 422
864 424
854 416
864 422
950 436
857 430
850 432
851 434
840 438
856 426
924 436
517 672
838 401
852 416
852 414
1020 253
848 436
899 476
1160 492
933 512
934 508
930 506
1239 528
998 528
1000 513
982 522
992 514
992 504
992 508
880 552
890 554
968 508

Slide #20
1188 510
1202 521
912 476
724 498
839 427
842 424
831 438
834 415
838 430
649 272
956 564
1036 742
1292 568
1238 536
1266 550
1278 549
1197 566
1192 548
1193 531
1196 528
1064 678
1084 640
1079 639
1104 655
1076 627
1094 649
1094 634
1094 620
1108 620
1096 624
1104 626
1100 630
1136 618
1136 612
1142 617
1134 618
1136 617
1141 616
1138 621
1142 618
1226 628
1232 626
1231 618
1323 480
1230 616
1224 630
1320 476
1244 616
1234 614
1324 492
1248 671
1324 563
1317 550
1254 795
1248 792
1252 780
1248 798
1248 793
1247 788
1253 793
1250 786
1252 792
1254 796
1250 786
1248 785
1250 788

Slide #21
1249 787
1252 790
1252 794
1252 794
1206 689
1147 653
1140 662
1144 655
1262 485
978 566
960 558
960 562
962 556
962 560
965 575
930 626
924 632
926 630
915 615
919 620
1190 524
1191 521
926 622
925 628
919 554
915 544
906 543
928 547
919 548
915 552
918 548
810 574
1098 480
1100 479
1108 478
1114 477
707 518
731 550
730 550
705 545
725 544
706 538
1090 489
716 546
694 516
694 531
781 498
764 410
750 476
709 376
758 414
809 442
772 351
885 426
799 436
782 428
670 477
924 350
936 310
915 359
796 435
784 430
612 920
746 674
896 198
890 302
890 176
903 178
738 556
909 174
874 498
886 491
882 486
869 498
878 468
858 500

Slide #22
874 498
871 485
924 422
866 482
867 482
872 511
875 492
641 540
846 500
852 490
830 481
840 478
840 486
836 482
844 486
844 487
838 492
846 494
828 468
808 495
940 570
945 576
774 552
810 498
806 500
811 487
802 515
948 575
798 514
812 532
958 564
951 590
818 662
822 555
994 603
830 542
839 553
834 557
996 608
1005 604
832 540
1004 612
826 548
834 518
827 516
834 518
841 502
842 502
830 509
826 588
843 490
806 578
852 491
844 500
1075 549
874 482
876 488
866 499
864 483
871 483
872 490
874 501
883 481
884 478
881 480
880 468
886 488
888 474
886 478
888 481
887 483
894 500
1118 488
908 476
896 482
1115 472
905 472
900 479
888 470
893 500
1138 482
1134 481
902 490
896 482
1142 470
888 478
902 482
1145 474
891 489
900 466
901 470
1123 452
1129 428
893 466
1157 454
871 470
900 464
894 468
1153 476
916 468
902 498
1154 464
1140 474
896 486
908 474
1142 462
904 472
1150 493
918 465
904 456
1154 495
905 460
1164 496
906 454
906 450
1178 577
1196 584
1223 612
1268 630
1272 627
1209 630
1211 629
1258 586
1262 586
1255 580
938 486
1246 574
1255 577
946 482
1302 638
1347 632
1299 643
1296 640
1304 642
597 353
1251 661
1294 644
1297 636
1251 647
1304 644
1330 670
1328 667
1322 662
966 476
1316 666
1322 673
1314 718
1316 724
1310 726
1314 730
1300 730
1310 724
1314 758
1313 766
1328 770
1280 792
1341 768
1324 776
1318 776
1273 751
1258 735
1285 734
1227 720
1248 735
1264 730
1258 742
1252 740
1180 748
1165 739
1188 749
1178 764
1190 750
1152 748
1156 762
1164 760
1173 757
1155 762
1175 750
1159 750
1154 761
1157 744
1154 736
1160 739
1156 736
1164 730
1164 732
1151 734
1162 742
1170 734
1128 705
1102 728
1110 713
1134 708
1114 726
1104 728
1122 733
1110 717
1122 730
1120 724
1116 724
1128 718
1100 738
1086 746
1078 749
1088 743
1096 742
1086 746
1088 744
1089 750
1080 764
1100 744
1100 728
1066 704
1066 714
1073 715
1028 711
944 668
961 654
929 684
934 671
899 668
892 658
937 628
898 660
886 662
898 662
898 662
851 645
898 595
858 645
856 646
857 656

Slide #23
850 658
852 654
849 648
866 646
938 672
940 676
934 667
930 668
945 670
940 677
1037 595
996 608
999 592
830 481
992 602
997 600
1005 594
859 546
628 546
838 550
830 541
738 468
776 576
658 628
659 622
669 620
654 644
734 728
722 512
749 540
739 544
705 572
912 510
902 544
898 530
886 532
892 518
1036 534
998 454
1002 458
1039 516
1036 537
1025 529
1034 527
1019 523
1014 514
1014 517
992 438
972 432
979 424
1013 517
848 556
844 564
833 569
838 576
840 579
1162 532
1176 536
1168 534
1175 526
1172 522
896 617
897 604
1178 520
1178 528
1176 528
1183 526
1178 526
1176 526
1175 523
1185 522
1192 528
1201 563
1192 518
1196 530
868 502
763 476
707 468
696 458

Slide #24
704 506
707 515
668 472
524 480
518 477
517 471
524 481
508 467
790 504
832 536
798 502
790 511
710 442
693 417
698 429
780 489
904 496
792 510
910 497
792 486
784 490
816 581
764 617
771 596
775 615
772 620
748 614
726 626
750 618
740 620
742 622
801 609
742 617
726 616
705 629
698 626
706 630
701 636
700 634
702 640
689 637
687 645
684 634
682 640
687 638
672 817
678 824
1198 746
1176 811
1183 800
1221 800
1241 776
1224 778
1231 782
1234 778
1192 791
1272 732
1264 738
1300 717
1284 729
1272 725
1203 757
1257 714
1259 718
1205 747
1279 726
1460 707
1476 707
1452 665
1458 668

Slide #25
1457 669
1446 674
1444 682
1451 666
1452 668
1442 671
1435 670
1415 632
1316 505
1241 485
1079 483
820 644
1045 504
1014 520
850 610
848 604
846 602
853 598
858 609
852 602
852 594
855 602
852 594
848 588
852 596
851 597
852 594
1030 520
1118 489
1112 488
1113 489
895 496
896 493
1115 490
1116 488
1113 498
1227 494
1270 481
1268 476
1265 478
1268 485
1262 478
1264 478
1258 480
1264 476
1259 482
1256 481
874 503
786 439
863 423
869 414
863 420
872 410
865 408
860 364
756 391
883 399
532 706
858 366
618 718
485 727
832 506
848 629
836 636
852 636
840 627
838 632
837 634
804 708
800 756
790 763
799 760
792 758
770 743
759 768
764 766
764 770
772 768

Slide #26
774 766
778 764
909 724
840 728
886 711
902 723
898 723
903 736
895 724
899 738
891 707
895 716
895 714
899 714
896 716
1010 650
1002 651
1004 652
1002 658
1011 656
1008 659
1001 661
1088 776
1080 778
1091 770
1088 769
1080 762
1027 737
970 660
982 663
974 656
982 660
978 664
982 656
1003 650
997 655
1004 663
1002 646
1030 671
1216 760
1219 760
1221 759
1226 755
1218 759
1217 760
1224 764
1212 766
1224 754
1210 713
1218 699
1213 701
1213 706
1215 708
1216 707
1213 712
1222 688
1218 692
1219 694
1225 687
1222 682
1226 683
1224 684
1220 694
1230 694
1019 887
1418 617
1417 612
1382 573
1431 582
1445 568
1432 580
1438 572
1440 568
1391 568
1431 579
1450 599
1458 599
1461 600
1453 605
1462 602
1454 594
1464 584
1465 590
1468 584
1470 580
1463 586
1463 582
1458 582
1456 584
1462 591
1454 594
1442 584
1423 504
1468 500
1462 508
1466 509
1464 505
1464 504
1460 504
1462 498
1468 499
1461 499
1366 444
1388 442
1418 458
1376 442
1440 449
1372 429
1376 429
1434 452
1430 426
1415 412
1407 424
1463 435
1422 410
1432 393
1427 370
1445 393
1442 378
1440 388
1408 213
1378 162
1385 343
1390 163
1408 355
1384 310
1362 18
1417 321
1382 223
1367 3
1421 660
1278 118
1464 413
1283 236
1319 316
1391 255
1287 159
1156 104
1174 222
1170 127
1161 114
1286 229
1164 101
1287 336
1294 334
1342 246
1153 144
1152 243
1184 128
1280 242
1176 136
1192 144
1370 286
1203 136
1312 279
1260 154
1218 195
1222 109
1270 138
1251 379
1250 222
1231 191
1229 188
1263 164
1264 75
876 202
786 213
725 154
740 154
760 154
736 154
757 143
703 148
774 175
763 146
752 195
747 197
756 192
631 82
647 159
724 58
726 85
724 36
685 68
684 202
670 114
678 101
681 136
662 116
654 114
581 96
588 109
590 176
594 196
596 182
590 178
598 183
594 101
589 94
589 85
592 97
586 143
604 135
596 150
726 210
638 325
695 222
692 231
696 232
647 338
666 336
662 335
662 346
676 336
665 380
684 324
649 372
643 379
656 378
661 340
794 272
664 368
712 367
752 278
794 214
756 301
768 298
762 212
780 216
762 308
757 348
650 358
798 200
780 440
763 510
790 515
798 517
799 510
800 516
812 513
810 487
798 516
818 528
842 524
825 535
830 534
829 544
842 539
826 536
827 587
837 602

Slide #27
836 594
840 600
834 582
842 594
838 594
840 588
862 653
863 665
866 660
862 662
862 662
872 661
904 588
978 494
982 497
974 496
977 492
977 498
976 507
814 510
663 486
678 502
663 500
640 480
578 498
550 488
526 482
532 476
542 478
608 499
684 486
672 492
682 494
697 490
698 487
686 480
690 482
696 488
688 490
680 492
778 472
937 429
413 587
911 397
912 398
916 412
946 425
902 363
821 495
932 378
1154 434
940 344
1134 434
1191 463
1153 449
927 382
792 415
925 359
932 364
1272 483
1338 581
1342 572
1357 516
1368 500
1369 501
1362 470
1464 333
1424 362
1312 258
1253 258
1318 286
1265 261
1329 304
1270 318
1344 336
1321 320
1338 328

Slide #28
1338 328
1358 327
1326 310
1162 444
1145 464
858 564
1290 406
1271 458
1134 453
1142 467
1147 475
1124 428
1116 436
1110 432
1118 423
1110 432
1120 434
1108 440
1119 418
1107 424
1106 410
1114 414
1108 431
1235 442
1242 442
1237 442
1252 444
1238 454
1234 465
1239 559
1221 427
1206 524
1202 526
1208 525
1205 541
1202 549
1200 530
1090 516
882 528
814 512
1085 536
1072 494
1070 498
870 522
796 680
1067 498
876 529
1068 494
868 508
870 506
762 662
1069 504
918 461
1080 569
1138 576
631 338
1122 588
1139 576
1119 573
1174 674
1196 739
1221 752
1216 746
1199 748
1190 754
1186 751
1192 758
1194 747
1122 565
1185 613
1164 600
1178 602
1176 599

Slide #29
1160 590
1067 513
1060 513
919 432
1040 507
990 520
739 642
975 524
776 643
980 538
1068 640
1062 640
1063 646
1061 640
1064 646
1054 650
1057 646
1066 640
1060 640
1067 652
1102 636
1070 600
797 692
1072 602
1068 602
1070 598
1177 548
1237 546
1240 540
1225 544
1234 542
1224 544
1233 538
1236 540
1248 528
1244 570
1227 576
1228 573
1244 583
1232 581
1250 544
1185 621
1262 540
1262 538
1232 514
843 476
1002 434
848 462
850 453
1022 438
1022 438
1038 442
848 444
1040 432
1050 432
758 624
1054 437
872 462
1048 436
865 448
846 440
854 448
1058 432
864 462
1054 436
1090 439
1090 446
884 435
886 425
822 584
1096 456
1097 455
1092 452
850 469
879 427
867 465
870 438
861 450
880 432
1090 433
852 440
858 448
645 416
1090 459
859 456
852 458
858 445
1044 394
730 300
761 372
773 376
741 372
764 362
764 352
739 366
744 368
732 350
744 360
764 351
762 564
760 569
862 551
824 568
836 564
833 556
844 579
839 572
787 590
888 654
882 682
876 674
884 679
885 674
890 675
892 685
851 706
828 722
823 722
818 728
816 730
828 724
825 731
823 724
826 720
824 724
780 732
774 736
772 725
772 725
774 726
776 729
769 728
771 733
770 723
756 734
786 722
784 721
787 730
780 730
786 721
928 776
971 742
936 786
914 792
995 790
1273 754
1271 750
1276 752
1241 788
1240 792
1260 790
1240 792
1341 650
1326 640
1320 638
1341 638
1331 636
1322 548
1329 412
1348 405
1337 414
1315 418
1336 407
1318 416
1323 417
1315 409
1329 407
1304 448
1298 447
1305 457
1296 452
1298 456
1302 458
1298 457
1294 472
1349 391
1338 399
1339 391
1345 389
1335 388
1349 379
1349 374
1338 365
1370 338
1385 322
1395 340
1391 308
1356 339
1310 341
1329 344
1347 347
1338 343
579 394
1335 347
1309 323
1131 460
1118 460
891 410
1136 461
1142 456
1136 472
889 434
891 433
1142 478
900 416
1112 455
648 294
1133 440
603 313
1132 412
1126 446
1198 498
1208 432
1230 487
1225 502
1220 449
1220 448
948 444
1230 499
1232 498
1230 494
622 302
1208 458
892 386
890 378
1110 441
1097 438
1102 436
1116 426
1102 445
880 388
896 376
1097 442
1114 435
1101 438
883 372
894 372
896 388
888 370
783 448
898 360
892 375
898 375

Slide #30
896 366
890 368
898 353
889 347
896 366
897 356
878 354
886 344
878 341
1134 434
1142 766
898 722
1172 546
1194 544
938 588
1200 572
1204 556
1203 570
1340 418
1358 346
1402 299
1401 304
1026 455
1380 310
884 557
1446 287
1260 399
1396 290
1398 262
1420 273
1145 252
1194 364
1197 413
1190 336
1191 352
1179 348
1223 274
1212 452
1232 549
1173 568
1234 564
1221 540
1239 552
1204 736
1253 713
1238 693
1257 707
1230 701
1239 695
1254 717
1238 697
1088 544
1052 511
1053 510
942 446
919 414
912 409
914 400
924 429
930 447
924 426
772 472
757 480
766 462
776 490
764 460
782 491
687 538
658 586

Slide #31
680 566
676 560
678 550
672 594
683 596
684 598
681 598
681 601
686 604
672 520
708 432
700 458
706 444
680 457
626 646
640 647
633 656
640 651
634 653
638 657
630 654
620 630
626 658
622 656
621 652
618 646
622 652
618 649
616 645
618 644
610 649
610 654
610 646
618 650
619 654
612 648
620 517
624 518
626 514
629 508
617 518
620 516
654 460
641 462
656 470
665 456
648 478
652 462
615 166
638 72
646 86
647 108
630 140
660 324
653 345
660 347
660 356
592 78
602 88
659 317
640 292
662 336
646 308
592 140
614 146
648 336
650 344
702 190
884 500
1180 418
1113 432
882 484
880 490
1173 439
1130 435
1116 442

Slide #32
1116 444
1122 455
1250 438
1118 457
838 580
1250 438
825 525
880 460
1102 468
1117 507
1098 488
1096 476
1103 458
1094 468
1100 467
1064 425
1123 440
1124 455
882 426
890 427
891 430
914 429
1232 437
1226 450
1184 448
1222 436
1232 434
1088 438
980 554
970 576
970 574
952 564
968 576
952 584
903 684
884 702
893 702
895 711
892 708
896 708
896 698
892 709
950 683
956 681
959 686
955 682
968 684
948 656
946 658
948 660
959 663
1068 660
1250 657
1229 698
1229 694
1185 724
1188 724
1174 715
1168 721
1193 727
1256 694
1275 699
1302 670
1298 676
1298 674
1289 673
1308 673
1319 666
1314 671
1313 670
1314 670
1315 670
1270 699
1347 596
1348 508
1360 524
1367 520
1370 526
1396 552
1367 462
976 392
954 386
1352 498
1360 486
1315 433
1322 486
1310 482
1318 482
1310 491
1310 471
1310 479
1334 518
1303 481
1313 482
1301 476
1304 480
1306 484
1354 538
1307 489
1296 486
1314 478
1311 468
1368 544
1302 469
1191 452
1228 416
1184 436
1208 392
1176 434
1162 453
1168 436
1180 443
1182 390
1180 430
1176 452
1209 402
1261 390
1172 434
1176 365
1172 432
1182 430
1196 378
1176 432
1324 192
1262 358
1086 473
1078 467
1029 425
1148 534
1150 532
1179 470
912 340
1138 518
1153 502
1156 510
1160 517
1152 526
1135 493
1152 534
1175 611
1173 605
1165 587
1184 589
1175 608
1179 599
1165 610
1181 586
1198 604
1201 570
1148 627
1153 630
1150 639
1179 631
986 579
995 583
982 587
1000 582
446 593
784 362
669 436
795 351
783 372
682 432
798 356
788 372
910 448
793 382
869 381
889 418
382 505
891 412
650 441
384 499
651 426
867 428
646 446
649 441
457 694
875 756
822 514
830 414
831 473
832 502
728 642
870 480
829 455
834 472
872 450
724 349
711 431
706 328
720 418
696 338
711 319
678 337
681 305
685 296
694 328
704 312
718 319
726 311
706 368
726 292
712 278
709 294
691 296
695 293
648 215
691 286
698 337
700 350
708 358
700 342
684 286
860 466
853 456
832 430
856 452
848 443
844 436
1066 426
866 452

Slide #33
1026 360
878 434
838 469
1020 376
1027 376
1029 374
1016 404
1066 372
1038 370
1019 414
1000 400
997 395
996 400
1004 418
1000 408
996 416
990 426
980 444
950 409
944 411
922 422
753 414
650 336
716 296
658 310
728 312
734 312
654 314
661 324
729 294
731 282
718 341
720 480
708 480
713 494
736 510
750 502
722 514
720 504
775 499
708 531
792 562
828 597
820 595
824 599
820 596
820 594
822 608
822 597
867 576
874 573
882 573
890 572
894 574
883 570
894 598
910 660
905 665
902 662
899 660
908 659
906 671
902 664
904 667
907 666
908 665
905 668
902 672
910 668
930 694
930 696
928 700
934 696
926 696
934 692
936 703
941 700
976 668
964 680
960 676
968 672
966 680
966 679
962 674
930 760
933 767
938 766
938 774
936 772
942 766
988 689
986 690
994 692
984 692
996 684
981 692
960 672
969 676
958 664
962 674
960 671
966 671
960 668
972 670
960 662
997 676
994 684
1027 662
992 670
990 673
984 639
985 610
1029 614
1027 615
486 625
954 599
960 606
994 608
1083 616
1096 634
1069 647
1103 629
1073 623
1078 632
1086 616
1092 626
1296 671
1286 677
1288 680
1295 686
1290 688
1252 714
1293 682
1249 708
1293 682
1245 699
1296 698
1278 670
1272 670
1258 672
1274 668
1258 668
1279 664
1234 680
1212 668
1204 672
1203 672
1209 664
1210 668
1210 668
1212 668
1210 672
1274 649
1202 746
1361 772
1349 758
1356 772
1350 775
1395 771
1362 779
1316 773
1346 772
1336 780
1340 768
1336 786
1339 782
1339 774
1330 782
1321 788
1326 788
1370 820
1370 854
1368 860
1354 858
1360 866
1357 857
1332 876
1328 876
1332 880
1336 877
1338 878
1342 872
1346 879
1341 878
1381 903
1400 885
1376 910
1385 925
1380 919
1366 928
1382 926
1336 880
1344 883
1340 886
1336 890
1348 884
1347 888
1352 882
1337 878
1348 884
1140 883
990 894
984 889
1022 892
1037 886
1032 892
1028 890
1028 891
1033 882
1032 888
1044 892
1024 894
1027 883
1004 846
988 853
996 849
980 854
987 850
904 864
837 894
844 888
849 887
837 888
840 889
846 885
824 933
820 922
824 918
822 920
822 923
671 900
672 913
672 906
676 911
677 913
670 909
672 910
640 892
648 900
648 898
641 899
645 896
646 904
702 901
707 898
704 899
704 900
710 896
703 890
610 839
607 844
602 838
604 843
602 841
602 840
608 842
606 839
550 844
538 849
546 847
572 857
568 854
566 852
579 858

Slide #34
601 848
628 812
623 817
632 818
630 820
622 822
622 823
626 824
634 830
712 692
762 636
772 644
773 642
758 632
768 642
768 634
781 554
654 444
657 438
668 444
664 449
608 520
600 493
644 559
617 524
663 494
628 688
638 660
671 570
678 476
724 515
718 507
723 496
736 500
715 512
732 500
730 480
738 488
742 498
736 490
789 541
780 531
794 529
752 505
824 620
815 620
818 613
820 611
830 619
822 606
824 624
870 610
1098 563
1102 574
1094 578
1107 570
1100 558
780 616
1104 526
1100 536
1096 536
1097 538
1080 528
1082 539
782 648
1087 537
768 666
1075 540
1082 549
1085 506
1123 542
1126 544
1118 545
1120 548
785 618
1130 554

Slide #35
1122 702
1123 708
1120 714
1124 715
1125 716
1122 711
1062 634
718 618
982 560
978 554
982 556
974 554
990 562
982 568
725 614
983 551
755 622
861 488
822 348
734 440
741 449
737 433
742 439
734 437
749 452
738 452
732 450
746 446
739 421
991 424
1001 428
758 536
1018 414
1005 420
1006 418
1001 410
1016 416
729 506
760 512
1012 422
892 461
798 756
800 774
814 773
806 772
874 764
867 760
886 766
884 754
872 753
818 722
818 733
814 733
1044 618
1069 571
1062 575
1066 597
1055 564
1185 625
1182 632
1212 618
1149 621
1147 627
1142 639

Slide #36
1170 630
1158 643
1200 626
1202 600
1200 622
1203 616
1210 619
1044 578
1029 582
1025 572
1032 588
1024 592
1026 591
1034 590
1021 599
1033 592
1030 594
1022 596
954 488
965 486
968 488
978 479
966 482
972 500
1001 504
1004 505
1000 494
954 452
952 458
948 464
952 468
946 460
947 452
948 460
942 458
942 454
940 452
947 447
942 448
947 443
946 447
937 453
884 480
892 481
884 482
882 480
880 486
878 481
881 476
884 479
880 483
886 496
924 503
913 498
886 481
881 494
921 479
904 490
854 454
862 483
859 464
856 461
864 474
858 457
704 596
919 524
923 522
920 534
914 538
910 542
922 536
914 540
910 544
915 534
1022 668
1001 698
1002 697
995 698
994 686
717 672
1001 698
1000 690
932 718
869 724
864 733
877 731
763 593
858 737
861 740
843 741
859 727
861 735
870 752
859 735
858 740
868 743
784 668
785 674
804 716
800 711
870 781
787 697
767 663
790 685
531 766
918 683
923 694
924 689
924 684
918 698
923 696
812 586
750 552
749 556
756 561
754 554
755 563
750 540
755 555
758 566
756 556
752 562
749 552
745 558
780 561
785 556
736 562
776 549
748 359
662 586
630 595
735 422
756 386
752 392
763 396
612 599
784 354
568 508
778 357
722 331
721 353
612 492
660 492
793 370
742 422
763 338
828 390
793 369
766 354
753 372
771 334
777 362
803 432
599 498
808 400
661 488
872 601
628 595
872 504
743 592
710 575
816 446
829 464
791 458
782 449
722 634
796 455
770 578
784 369
816 446
834 486
774 525
831 452
791 419
818 450
696 666
791 489
816 441
817 541
892 445
521 627
823 436
802 438
808 451
726 441
577 458
646 676
740 434
776 149
716 459
501 771
844 332
738 415
798 445
693 570
835 323
856 472
830 488
880 304
852 472
850 464
672 612
858 356
860 476
846 468
852 462
853 422
871 472
866 358
688 669
870 352
862 476
864 484
862 482
809 471
817 452
807 452
812 460
806 459
810 463
812 446
805 463
860 500
856 491
856 490
810 458
856 494
856 496
858 500
854 502
860 497
857 496
856 504
856 500
862 494
852 504
844 494
852 498

Slide #37
794 531
752 558
736 560
756 559
756 564
746 573
746 572
748 570
748 572
750 514
750 508
750 514
754 520
756 523
755 514
749 490
748 488
751 485
771 508
992 815
1002 602
960 614
1003 614
1006 608
1008 608
1007 608
986 606
826 498
728 464
730 488
734 492
728 448
776 418
792 412
708 436
708 434
707 434
716 468
716 462
718 458
710 466
718 540
717 532
798 436
844 36
970 352
1055 323
1008 469
1009 414
999 424
992 426
994 432
998 424
996 434
1034 467
1014 607
1019 609
1026 606
1019 603
1021 606
1024 606
1016 606
1015 610
1010 612
1004 626
999 624
1002 632
996 626
1004 622
1003 626
1000 623
1000 618
1001 622
1002 622
1002 618
999 741
1002 844
996 854
999 857
998 846
1000 852

Slide #38
995 846
999 846
996 846
998 841
996 848
1032 858
1030 854
1023 865
1013 788
972 643
970 649
970 641
977 653
1088 662
1268 704
1267 691
1217 712
1230 700
1227 706
1228 707
1201 716
1196 630
1179 570
1183 569
1192 556
1188 552
1186 551
1128 534
1015 528
1010 530
1018 530
1011 530
1016 532
952 550
652 595
698 614
695 614
688 610
644 604
685 615
690 610
696 616
662 628
628 662
642 661
652 640
642 634
653 634
634 662
642 628
612 665
643 619
648 617
701 640
654 626
640 647
652 622
644 626
658 626
647 626
641 648
650 620
656 622
655 626
638 616
644 606
654 620
621 624
624 608
622 614
630 614
640 623
622 620
638 621
609 638
639 616
632 622
624 622
688 626
681 630

Slide #39
626 516
635 644
652 481
645 654
641 608
646 608
878 616
890 603
881 593
887 588
900 586
892 598
949 512
956 512
906 519
894 504
898 510
904 508
918 504
997 512
996 506
742 714
988 530
996 538
999 541
996 527
1000 538
1047 549
998 536
1061 526
1303 560
1288 554
1313 556
1294 552
1282 552
1280 552
1289 619
1288 558
1301 618
1295 624
1304 628
1246 580
1120 698
1186 682
1166 692
1174 686
1135 688
1155 662
1170 676
1143 675
1179 683
1123 700
1168 688
969 721
956 726
965 726
961 722
937 717
893 722
886 716
880 732
889 725
891 718
894 721
899 716
890 714
902 512
910 518
907 514
669 700
912 518

Slide #40
914 498
949 485
916 510
916 504
919 505
917 487
995 498
956 492
955 512
952 505
952 506
932 517
911 548
922 566
920 556
904 565
918 553
891 568
888 582
887 571
886 570
886 568
879 572
881 562
950 558
1223 559
1222 576
1241 556
1240 562
1292 574
1334 599
1326 602
1334 660
1332 610
1307 606
1303 619
1322 608
1218 482
1216 496
1224 504
1202 504
1196 503
1015 521
1038 509
1015 501
1014 510
1033 520
944 428
942 487
944 504
950 498
945 500
928 525
917 538
920 533
909 526
919 538
730 650
910 524
898 534
896 550
900 552
906 562
890 564
900 555
900 568
874 589

Slide #41
872 582
925 623
902 492
946 498
940 480
936 486
936 492
946 488
936 491
938 490
940 490
941 499
942 490
721 660
935 503
935 504
937 510
928 510
676 688
857 482
855 473
877 508
858 465
876 470
872 478
874 472
876 472
872 467
868 479
788 616
814 467
812 462
807 451
814 457
812 483
854 795
868 541
650 674
694 658
788 552
812 414
811 412
801 474
788 537
824 468
812 479
811 454
815 476
798 476
824 468
818 468
862 406
814 448
870 407
870 396
847 464
868 486
876 466
882 472
878 471
884 486
1125 506
1128 507
1122 515
1078 474
1074 469
1109 503
1122 506
1122 517
1068 491
1085 478
1122 516
1105 642
1090 709
1111 700
1120 682
1121 692
1116 688
1148 671
1086 720
1068 743
1068 738
1074 743
1080 734
1080 732
1072 733
1078 742
1074 738
1089 738
1072 733
1074 720
1032 696
1028 690
1032 684
1067 662
1037 692
1031 696
1031 704
1055 681
952 694
927 708
956 698
929 692
966 686
662 723
942 696
948 695
936 710
931 720
930 714
942 724
932 716
899 724
743 690
734 700
728 694
728 690
722 690
718 687
722 684
733 698
732 694
729 693
738 696
727 700
771 676
769 688
771 682
783 678
787 692
768 645
737 702
763 678
757 702
754 700
749 700
750 692
762 702
743 703
756 708
756 710
756 710
756 715
752 704
754 706
804 729
793 740
806 738
808 743
849 750
944 736
950 722
954 736
966 714
956 736
946 740
946 721
656 776
994 710
1000 703
1000 710
1006 702
1016 706
1012 684
1004 686
1006 686
1004 700
992 700
998 704
988 702
999 699
998 696
1035 747
1081 716
1085 724
830 715
1066 728
1080 751
1072 753
1084 748
1078 752
1078 760
1080 748
1076 752
1072 757
1090 762
1078 752
1085 762
1104 747
1099 706
1099 706
1098 698
776 700
1105 706
1107 710
1072 732
1162 732
1244 772
1250 786
1236 789
1267 777
1266 759
1244 780
1245 763
1228 780
1238 802
1248 794
1237 786
1222 802
1229 679
1232 677
1244 677
1276 671
1271 664
1277 661
1280 656
1279 665
1278 666
1236 628
1246 593
1242 545
1280 592
1270 595
1239 519
1264 568
1262 570
1259 510
1266 568
1260 579
