
Slide #1
1122 517
1122 516
1120 510
1112 502
1123 512
1118 522
1071 539
852 584
629 946
634 924
630 926
636 925
630 930
634 920
654 697
673 398
666 400
674 398
666 400
666 406
674 412
668 401
663 398
672 406
954 468
1034 702
1038 707
1034 695
1044 700
1036 704
1034 707
1030 698
1028 690
992 656
986 608
972 606
974 600
974 606
974 605
976 604
978 607
973 612
966 596
942 502
940 487
942 490
943 493
934 492
940 490
940 490
942 495
938 492
946 496
944 492
939 491
944 496
942 487
944 496
942 490
944 490
942 488
944 489
946 489
940 484
938 489
958 460
946 430
939 426
942 420
937 430
944 428
614 342
551 336
550 352
545 346
550 344
547 354
555 348
556 354
574 364
758 416
748 421
746 416
752 410
752 422
748 427
751 420
990 400
1227 404
1236 402
1232 408
1232 406
1222 414
1234 402
1228 397
1228 410
1228 406
1228 405
1224 406
1225 408
1228 410
1124 448
1098 448
1104 452
1101 453
1102 449
1104 446
1100 449
1104 450
1106 442
980 451
905 469
902 465
903 472
902 474
898 471
910 458
902 475
905 467
910 467
907 466
907 477
902 472
907 477
912 482
898 478
903 476
908 479
912 476
974 508
989 516
982 516
972 532
979 520
985 520
974 529
973 516
978 516
984 526
770 576
586 621
586 634
582 626
589 632
359 636
246 654
258 664
246 660
240 658
242 650
234 630
216 485
220 492
218 485
209 485
209 476
216 485
181 442
129 96
420 605
417 607
417 604
413 604
413 600
414 601
418 603
413 600
413 598
418 597
420 600
414 598
414 598
495 596
495 603

Slide #2
500 603
501 606
499 599
496 604
502 600
664 630
932 674
935 676
927 679
932 677
929 674
934 679
882 806
848 927
851 923
853 922
850 925
854 922
827 925
799 936
798 933
796 941
799 930
793 942
797 931
798 949
774 944
770 952
770 948
772 949
766 944
770 948
770 944
772 947
772 947
759 973
764 983
758 976
762 974
760 981
761 982
759 979
762 970
762 960
760 961
768 955
765 959
990 957
984 950
985 956
986 955
979 957
989 953
985 949
993 906
996 901
1037 907
1039 920
1046 912
1036 916
1041 907
1042 921
1036 914
1038 912
1098 980
1096 977
1112 967
1099 987
1111 970
1095 992
1104 973

Slide #3
1106 976
1101 975
1087 989
1095 979
1076 999
1013 975
950 989
942 998
943 1003
824 955
823 958
818 967
824 963
805 945
731 888
738 897
736 899
730 895
735 893
709 881
714 880
708 884
713 882
710 886
704 885
712 867
714 860
715 861
716 859
719 859
711 858
710 855
752 890
833 974
837 960
842 961
835 975
837 960
841 958
834 968
829 969
836 957
828 958
835 961
828 961
837 955
837 956
828 964
836 959
835 972
829 965
837 962
820 826
806 765
805 760
808 772
804 771
804 773
803 769
803 770
801 768
823 769
831 765
828 766
827 770
831 766
834 770
829 769
828 773
798 843
798 839
797 839
798 836

Slide #4
799 835
800 834
795 835
804 831
800 837
803 833
801 837
801 839
800 835
800 835
753 895
721 918
719 927
719 918
718 917
716 919
686 949
667 1019
671 1016
673 1015
668 1015
668 1017
669 1016
669 1015
695 1049
690 1049
684 1058
692 1059
687 1055
686 1059
691 1060
690 1056
688 1058
688 1046
684 1055
793 1044
799 1032
798 1034
800 1036
796 1030
915 1042
908 1045
905 1051
909 1048
909 1046
908 1042
908 1044
907 1043
982 1025
980 1023
980 1014
980 1012
980 1025
980 1017
979 1017
970 971
940 939
946 935
944 936
941 945
988 897
999 887
1008 888
997 887
995 885
996 889
1027 849
1027 850
1021 849
1026 853
1029 824
1025 819
1023 818
1022 815

Slide #5
1029 817
1021 816
1025 820
1028 821
982 775
966 773
969 768
968 761
872 838
813 899
812 901
813 902
814 901
813 904
815 900
814 908
813 906
812 908
815 905
817 902
815 900
823 899
816 911
820 898
821 907
820 901
826 905
885 902
903 890
1012 910
1018 914
1015 912
1021 907
1021 913
1034 852
1034 845
1026 859
1035 848
1030 850
1049 882
1053 882
1055 884
1052 884
1053 882
1051 881
1393 518
1371 521
1393 521
1304 432
1289 431
1292 433
1292 430
1039 281
1040 264
1037 278
1049 284
935 347
594 494
601 492
614 494
612 489
619 509
614 495
622 493
618 490
619 496

Slide #6
603 497
582 499
539 461
561 474
567 490
560 477
562 475
560 480
792 512
785 523
795 523
786 520
800 523
786 524
781 506
782 521
699 556
704 553
702 552
713 560
686 539
494 426
516 367
511 368
502 370
514 363
516 380
606 166
594 186
592 187
583 202
600 199
606 193
745 250
813 278
818 283
811 295
810 286
775 264
718 239
726 236
779 274
1153 492
1143 487
1135 488
1133 488
1152 502
1137 494
1153 495
1148 500
1148 490
1152 502
1147 497
1148 500
1172 653
1168 648
1176 656
1167 657
1175 656
1172 650
1171 652
1170 660
1168 652
1170 654
1168 656
1182 692
1180 684
1177 683
1180 693
1182 689
1177 690
1174 685
1178 698
1182 691
1193 670
1194 660
1196 663
1188 644
1202 663
1194 660
1189 661
1202 658

Slide #7
1178 653
1180 661
1174 658
1182 654
1170 650
1183 659
1182 658
1186 654
1105 643
925 630
922 614
919 619
924 617
925 616
921 622
928 615
904 626
742 664
748 667
746 667
759 674
749 666
742 670
754 664
696 683
634 680
634 682
598 675
589 686
594 670
590 673
576 666
579 663
572 672
574 674
577 667
641 634
648 624
652 623
652 624
656 626
652 626
656 618
654 622
689 552
687 553
691 558
692 558
687 553
610 510
540 495
542 490
543 494
540 500
650 564
698 579
702 592
696 592
693 592
690 586
698 588
670 575
674 588
676 587
674 584
712 570
963 468
961 478
956 482
958 476
960 483
954 482
954 474
957 474
959 472
963 436
963 420
960 423
972 428
966 426
970 418
968 424
968 414
971 428
1192 432
1368 469
1363 474
1359 469
1360 465
1350 482
1355 474
1356 476
1358 475
1357 466
1361 472
1358 472

Slide #8
1363 472
1358 472
1354 472
1354 472
1359 476
1355 480
1351 480
1050 518
982 570
979 575
981 572
982 573
983 570
988 574
982 566
984 568
1004 498
997 482
991 480
994 481
990 478
997 479
996 486
998 484
852 474
764 454
766 452
762 455
760 462
770 462
766 454
765 460
874 411
870 402
855 356
854 356
844 366
842 362
852 362
722 378
670 408
680 416
674 423
677 414
678 410
708 350
714 345
714 358
711 346
716 338
716 350
715 344
772 492
814 672
811 682
804 676
811 679
808 675
812 677
810 672
788 672
706 599
702 608
700 599
701 596
702 610
700 604
705 603
808 587
1086 613
1084 613
1084 615
1071 612
1074 611
1070 614
1074 616
1078 618
1078 618
1072 618
1072 618
1192 620
1215 621
1206 629
1194 628
1195 622
1196 628
1200 623
1205 624
1200 628
1204 616
1210 618
1208 624
1200 625
1200 744
1198 746
1193 740
1197 733
1187 739
1198 732
1202 732
1199 734
1226 729
1214 736
1221 726
1220 736
1217 734
1102 735
976 722
985 730
986 719
990 728
982 730
977 738
982 724
975 720
924 694
928 674
930 680
922 685
922 687
924 680
930 667
792 665
756 659
766 662
766 664
766 660
768 666
768 662
773 661
910 559
1173 368
1164 389
1163 384
1162 384
1162 392
1162 386
1155 390
1164 381
1162 379
1184 386
1202 396
1200 402
1200 399
1204 392
1200 395
1205 395
1204 389
1223 445
1224 448
1222 452
1221 452
1153 448
1076 446
1072 444
1072 453
1072 454
1070 457
1072 460
1074 450
1074 452
904 414
876 402
868 406
868 404
870 398
868 400
878 390
900 346
904 354
895 355
906 353
906 348
906 348
718 356
716 358
720 368
722 363
718 364
720 360
720 357
722 357
721 351
724 356
720 355
723 353
663 395
669 581
697 666
693 666
692 682
701 668
693 670
692 668
700 658
698 674
708 578
705 560
704 556
696 560
702 564
704 548
709 556
708 554
706 562
708 556
696 549
680 548
681 542
684 536
682 540
681 546
682 538
684 544
684 546
688 548
684 548
812 546
804 543
807 544
810 554
806 548
806 541
908 554
912 550
912 547
910 539
902 554
917 544
916 543
904 530
902 534
902 536
900 532
902 536
908 532
981 624
979 618
980 624
983 607
978 616
981 614
980 615
976 618
977 614
984 607
1031 606
1030 602
1034 598
1040 608
1036 606
1037 604
1034 608
1035 607
1032 606
1038 598
1034 602
1032 598
1096 658
1099 740
1100 742
1100 740
1096 736
1061 708
1054 706
1054 700
1051 693
1056 704
1058 702
1050 706
1050 709
1056 695
1055 709
1054 714
1054 699
1049 706
1076 636
1072 640
1070 635
1071 636
1070 636
1083 628
1068 625
1070 634
1075 630
1062 642
1054 622
1061 626
1062 622
1054 627
1060 612
1061 612
1022 618
740 724
733 727
739 728

Slide #9
737 724
734 724
735 721
730 728
738 712
722 692
730 685
730 685
720 700
724 701
723 705
726 694
730 689
866 564
868 584
880 587
886 573
878 568
875 583
873 584
850 532
678 454
674 462
683 469
684 500
680 456
680 460
684 462
676 442
680 460
680 449
962 410
1078 370
1090 360
1080 358
1078 350
1080 366
1082 364
1078 368
1080 366
1083 371
1084 392
1078 386
1077 381
1078 381
1094 367
1126 382
1128 374
1134 367
1134 378
1136 375
1130 388
1132 384
1241 409
1256 414
1248 409
1257 404
1256 411
1250 408
1255 412
1245 410
1254 410
1246 406
1248 414
1314 436
1307 442
1306 436
1308 443
1296 446
1303 436
1308 445
1308 436
1291 408
1297 404
1302 398
1298 400
1294 397
1302 394
1304 391
1298 398
1306 397
1302 460
1306 462
1301 462
1306 456
1308 461
1304 460
1308 464
1306 437
1303 434
1300 442
1308 431
1310 398
1328 389
1322 392
1320 398
1320 398
1319 400
1320 398
1314 396
1320 400
1341 321
1340 328
1344 328
1342 312
1344 318
1339 326
1262 324
959 378
965 387
962 386
966 387
962 386
960 394
960 400
729 417
658 426
658 430
662 426
675 429
674 426
676 434
676 430
674 427
664 426
665 428
663 430
677 425
675 433
684 430
668 410
650 400
649 403
647 406
647 415
648 403
647 408
645 404
647 410
650 405
641 406
718 429
716 435
710 418
718 428
716 428
718 444
704 426
707 430
708 424
713 430
699 383
696 352
705 357
700 356
704 352
708 354
704 356
700 365
894 341
875 345
904 351
876 354
881 358
890 350
887 350
895 340
893 347
894 349
889 355
894 344
882 343
882 358
821 426
682 745
686 746
678 742
696 736
694 747
696 736
698 735
700 744
644 760
550 773
546 774
543 782
532 776
542 770
538 768
544 774
592 778
787 754
789 760
782 772
778 774
783 768
779 763
756 737
733 696
732 707
730 700
730 702
734 709
730 706
738 700
666 654
660 648
651 639
659 639
667 644
656 650
663 652
658 636
645 654
658 642
656 649
728 614
730 619
740 624
736 624
730 616
744 625
800 605
804 608
806 606
804 610
807 606
808 602
807 600
567 602
519 602
516 613
525 618
524 616
526 605
526 606
524 622
530 616
528 608
532 600
567 602
581 606
591 597
579 592
580 605
620 603
826 540
822 544
820 552
810 546
820 551
820 552
822 552
785 477
737 380
738 378
746 376
740 383
738 386
744 378
748 378
745 378
748 385
724 377
688 415
692 416
686 408
688 416
688 414
694 418
695 418
694 420
692 422
688 419
692 426
633 415
634 409
636 418
632 421
636 423
634 412
575 404
572 408
575 420
574 414
568 414
574 418
578 410
570 410
567 414
570 420
610 389
620 396
612 399
612 398
618 394
611 392
840 438
1146 704
1146 870
1142 864

Slide #10
1138 874
1142 861
1136 866
1140 858
1136 868
1168 778
1170 773
1174 772
1168 770
1050 665
938 620
944 621
940 632
936 624
933 628
932 626
936 625
942 623
919 740
922 743
927 745
918 749
922 752
918 754
596 702
578 711
588 708
586 716
576 704
601 714
984 626
996 647
998 632
994 642
990 636
990 644
988 638
984 640
998 598
986 606
989 600
992 603
1090 546
1198 370
1198 375
1110 353
1102 341
1096 344
1095 346
1092 346
1095 352
1099 346
1103 352
1088 348
1100 344
1094 343
1091 348
1098 337
1295 471
1294 514
1302 513
1300 506
1300 514
1291 520
1301 509
1206 583
1164 609
1176 615
1172 611
1176 605
1162 604
1170 603
1194 610
1342 718
1292 847
1302 832
1300 839
1308 840
1302 838
1295 839
1304 834
1263 801
1258 777

Slide #11
1260 774
1268 771
1258 770
1268 766
856 740
746 756
741 748
742 761
747 752
746 747
801 672
848 572
844 576
851 580
852 572
854 574
851 574
858 575
854 578
817 534
807 412
814 413
812 417
816 416
804 426
830 542
844 585
840 568
838 574
838 584
834 577
842 573
845 568
1060 466
1094 451
1085 458
1084 460
1090 460
1080 464
1084 458
1084 462
1085 444
1086 454
1083 456
1087 448
1073 402
1080 395
1084 400
1081 396
1080 396
1084 400
1072 392
1084 400
1072 401
1076 394
1071 402
1078 400
1080 412
1082 400
1080 414
1190 384
1220 380
1222 382
1218 375
1220 382
1222 373
1218 376
1215 375
1218 376
1212 376
1202 364
1176 329
1182 328
1172 338
1175 342
1178 332
1183 330
1004 334
760 386
766 386
764 386
766 384
776 378
771 380
769 386
772 387
772 383
768 382
770 391
775 382

Slide #12
774 392
770 404
786 320
784 302
786 300
784 300
784 304
786 308
784 300
784 306
876 361
968 415
958 416
965 430
960 426
1192 396
1372 422
1364 426
1372 423
1372 422
1358 416
1366 419
1354 430
1356 420
1360 419
1353 420
1362 426
1362 429
1352 432
1358 424
1360 422
1404 418
1405 420
1420 432
1422 430
1422 428
1422 424
1418 429
1426 423
1424 572
1424 602
1425 596
1426 598
1426 602
1428 598
1424 597
1423 600
1432 598
1424 594
1418 594
1426 594
1430 587
1430 586
1440 600
1434 586
1320 588
1292 600
1294 593
1299 602
1295 592
1288 598
1308 587
1320 586
1328 594
1325 588
1322 594
1268 600
1149 670
1156 666
1150 662
1156 658
1152 662
1154 656
1151 667
1154 666
1056 674
1046 670
1053 676
1050 672
1056 673
1051 680
1045 670
1051 676
1056 668
1078 676
1086 678
1086 676
1084 679
1018 626
885 416
912 440
918 430

Slide #13
922 444
918 433
922 448
938 416
948 412
948 397
950 402
950 408
945 414
949 403
944 408
970 556
978 556
976 560
975 556
977 562
975 566
976 561
905 570
914 567
916 578
912 576
916 570
912 562
911 560
946 462
937 451
932 462
934 461
942 464
934 458
934 462
888 539
903 608
892 610
898 605
892 604
906 606
910 622
906 616
884 580
885 580
883 582
885 579
887 569
882 574
882 572
885 571
878 569
888 578
882 570
886 576
882 576
883 571
1000 593
1292 620
1288 614
1286 613
1281 610
1281 612
1288 608
1286 612
1281 610
1170 515
1172 516
1172 516
1167 510
1170 517
1170 510
1062 506
978 502
977 502
982 507
978 508
986 509
982 505
918 488
926 478
928 486
924 490
922 482
922 485
920 484
923 478
914 482
924 482
923 488
928 482
926 484
922 482
926 483
916 484

Slide #14
926 482
914 524
912 526
920 538
912 529
910 528
915 521
914 534
918 526
920 524
920 528
920 528
926 535
918 535
921 536
916 540
963 548
964 552
964 553
957 548
920 550
648 564
659 570
622 562
630 566
628 552
626 556
631 558
628 552
652 461
658 459
651 454
648 452
650 467
652 454
632 496
593 733
588 734
607 728
604 730
593 728
604 732
586 674
582 618
590 626
592 616
586 624
590 626
586 616
829 692
818 704
816 708
818 700
815 704
820 704
820 698
822 700
762 754
760 760
762 754
768 755
767 752
954 675
1264 644
1272 646
1262 648
1262 652
1267 649
1267 646
1274 654
1452 732
1446 740
1482 734
1477 734
1477 728
1490 725
1476 734
1487 740
1474 736
1370 588
1368 586
1368 594
1365 586
1364 590
1362 588
1289 500
1272 454
1278 465
1274 456
1279 454
1275 465
1274 462
1280 458
1272 454
1274 462
1258 500
1271 518
1272 509
1267 513
1259 503
1266 510
1030 424
986 404
988 392
990 394
994 401
996 404
992 408
946 364
875 306
877 307
874 302
874 308
877 311
874 306
882 312
878 305
693 300
570 294
574 300
572 329
573 324
574 332
575 340
576 326
460 342
454 380
455 369
460 378
467 376
463 375
459 372
460 376
464 380
458 372
460 370
460 366
452 376
444 520
468 719
470 730
456 730
472 730
471 736
469 736
457 737
472 741
414 686
417 620
421 617
418 610
414 620
408 617
618 688
636 716
630 716
640 724
638 725
637 726
634 722
643 715
756 768
790 787
797 792
787 794
792 780
792 786
784 793
785 786
782 790
782 790
786 788
783 791
782 786
780 790
834 744
847 697
840 700
844 690
846 704
838 710
870 708
1008 718
1008 714
1002 716
1008 706
1000 718
1020 706
1008 716
1006 706
1133 732
1153 734
1146 740
1152 742
1161 734
1152 744
1150 740
1145 740
1152 743
1148 739
1148 738
1070 776
1074 772
1074 773
1066 780
1070 774
1074 771
1194 697
1192 690
1196 697
1192 682
1194 690
1218 702
1436 748
1423 751
1468 750
1464 738
1464 758
1467 750
1469 754
1469 750
1462 749
1498 721
1503 704
1491 724
1501 719
1492 710
1419 665
1118 538
1106 540
1108 528
1114 537
1107 540
1105 538
1109 544
1074 536
948 540
948 542
947 552
958 552
948 541
950 544
963 548
956 540
946 546
950 542
948 542
953 542
958 549
954 547
961 548
959 541
961 547
968 554
960 544
978 557
978 563
977 562
976 552
964 550
970 556
974 560
981 558
962 550
979 553
980 525
974 526
972 522
977 530
975 526
979 530
974 528
902 508
750 515
764 522
754 519
764 521
750 517
760 516
761 530
760 532
754 528
755 520
758 531
758 532
718 478
718 452
713 449
720 454
715 452
708 452
714 462
704 450
702 550
695 582
710 582
702 573
705 585
701 580
706 584
708 580
668 546
662 472
662 472
686 505

Slide #15
725 592
742 567
732 569
733 566
711 566
710 570
720 578
715 570
716 578
718 579
718 580
710 569
710 564
892 559
958 563
948 557
960 562
950 553
958 552
952 554
947 554
944 548
948 554
946 558
948 556
945 552
1120 704
1203 830
1211 822
1214 826
1212 826
1212 824
1208 816
1214 812
1212 821
1210 817
1218 814
1217 831
1210 822
1144 888
1097 879
1084 874
1100 875
1093 880
1094 880
1096 884
1096 886
1095 879
1092 882
1294 866
1446 866
1446 866
1438 878
1442 866
1444 866
1440 868
1441 864
1438 878
1442 869
1436 864
1448 878
1391 867
906 827
584 838
581 838
550 836
540 840
552 830
560 834
556 840
544 826
556 826
548 838
552 839
596 878
598 863
598 879
592 872
592 880
590 878
592 878
594 874
595 880
589 869
600 868
596 871
564 658
580 586
576 578
580 581
578 574
582 566
578 580
580 573
578 574
577 576
506 453
499 462
512 466
504 470
504 466
508 463
514 468
519 460
513 466
514 460
510 469
675 440
716 422
714 423
716 423
718 427
719 422
720 427
722 418
714 418
716 418
736 363
734 364
740 370
740 372
733 372
738 376
736 369
732 364
732 374
735 363
774 363
940 330
944 319
941 324
938 326
936 323
941 318
943 322
940 314
940 324
914 225
914 216
923 222
918 224
915 222
919 220
911 224
807 234
595 232
612 251
602 239
610 233
598 234
598 237
602 238
604 236
604 235
598 234
612 237
596 294
600 294
597 292
596 299
594 296
590 298
564 270
574 268
582 270
578 267
570 268
580 275
658 347
648 346
645 351
650 350
652 352
648 346
647 346
652 351
653 344
645 341
855 332
1226 341
1294 403
1296 407
1288 418
1296 410
1292 406
1298 414
1296 407
1290 403
1292 402
1295 407
1288 414
1294 408
1286 416
1284 413
1414 386
1436 380
1444 390
1438 392
1442 390
1444 379
1443 392
1417 362
1420 344
1420 340
1427 348
1425 344
1426 344
1432 334
1438 295
1438 300
1436 306
1436 294
1444 295
1439 299
1438 300
1441 294
1416 200
1408 175
1408 175
1404 169
1398 170
1404 168
1402 172
1396 170
1403 173
1408 168
1406 170
1406 166
1336 226
1266 420
1258 568
1238 620
1228 606
1228 602
1222 595
1232 597
1231 598
1226 602
1232 598
1222 598
1230 598
1226 590
1304 570
1301 576
1301 570
1302 580
1306 580
1220 540
1180 530
1177 532
1178 532
1178 536
1376 615
1424 655
1422 659
1419 655
1414 654
1420 645
1426 642
1422 642
1456 645
1456 641
1452 638
1448 623
1443 628
1442 604
1444 602
1455 602
1448 594
1444 602
1396 597
1098 532
1072 534
1083 538
1074 542
1078 536
1077 538
1074 532
1074 538
1044 524
1016 472
1026 468
1024 475
1029 474
1024 468
1028 474
1028 462
984 480
944 516
938 526
938 526
944 515
944 523
941 519
992 469
1022 449
1022 452
1018 454
1023 457
1016 456
1024 459
1018 460
1016 456
1019 458
1016 456

Slide #16
978 448
979 458
972 464
979 458
983 468
960 446
972 446
964 440
971 442
968 438
964 432
963 436
962 434
958 433
967 434
962 430
963 441
926 392
924 392
927 392
924 397
922 400
926 390
840 386
823 388
819 396
826 396
822 384
820 393
824 394
822 393
826 398
826 390
824 391
819 392
822 393
818 389
818 385
818 383
820 392
801 630
805 655
799 659
798 655
804 660
800 663
806 664
806 657
800 658
797 661
922 672
962 698
963 686
956 694
958 693
956 702
950 688
978 600
976 540
972 541
985 543
977 542
978 548
974 552
982 392
985 386
984 390
987 386
984 388
986 391
986 392
946 407
949 417
942 407
943 414
942 414
938 411
942 412
946 410
1170 535
1175 556
1174 552
1171 556
1170 557
1176 550
1176 556
1174 538
1174 558
1174 556
1178 552
1180 554
949 440

Slide #17
920 366
966 329
964 330
970 334
966 332
964 331
968 332
968 337
969 341
970 341
966 340
968 348
963 340
970 338
953 369
870 624
880 616
884 616
876 616
874 612
870 608
878 610
877 606
872 610
872 606
994 646
1024 645
1034 656
1024 650
1026 660
1030 658
1019 642
1021 654
1024 652
1020 655
1089 643
1090 626
1086 644
1092 620
1089 633
1094 640
1088 630
1012 620
1004 616
1008 612
1006 610
1000 602
1008 617
770 654
722 674
724 678
732 682
725 682
732 674
726 683
731 684
724 687
730 680
728 683
705 550
710 430
703 429
706 434
700 431
712 437
706 427
701 432
681 366
686 322
681 314
688 316
686 318
686 314
683 312
686 312
981 360
1008 394
1004 389
1005 389
1002 385
1007 392
1003 396
1004 391
1005 394
1006 394
1003 391
1004 396
1118 420
1148 448
1153 450
1146 448
1144 451
1148 450
1151 448
1153 456
1148 456
1144 458
1209 480
1242 530
1233 540
1237 542
1235 554
1235 542
1238 544
1166 468
1124 430
1128 428
1125 412
1131 413
1132 420
1128 417
1124 410
1223 506
1227 522
1232 530
1232 532
1232 523
1236 523
1232 516
1232 529
1205 418
1202 414
1202 408
1196 411
1188 419
1158 416
1162 416
1148 410
1153 408
1153 406
1158 405
1156 424
1156 408
1115 409
1126 415
1128 421
1124 414
1130 414
1124 416
1126 410
1144 420
1144 424
1142 422
1146 428
1144 424
1143 414
1135 420
1141 426
1146 418
1142 428
1130 408
1141 410
1140 428
1138 424
1144 424
1140 422
1136 422
1140 414
1144 416
1140 424
1142 424
1136 422
1137 418
1144 418
1138 427
1247 558
1243 576
1234 577
1236 584
1238 578
1238 582
1245 498
1238 505
1238 500
1242 506
1243 499
1241 496
1246 496
1240 499
1240 499
1236 498
1214 458
1218 456
1218 458
1219 454
1215 454
1276 528
1270 738
1230 770
1232 758
1232 752
1235 760
1240 758
1231 757
1237 760
1231 764
1228 743
1178 685
1189 695
1186 700
1179 692
1181 692
1176 699
1180 698
1182 696
1132 698
846 710
850 710
854 712
846 700
860 710
850 715
850 717
854 698
852 710
733 736
736 726
718 741
731 726
733 737
728 718
726 723
725 720
735 732
709 706
692 623
686 618
688 621
690 625
688 622
688 618
692 626
750 670
756 688
755 693
755 685
754 690
754 688
746 698
750 694
771 693
1214 574
1536 572
1537 574
1528 568
1534 569
1524 574
1536 564
1530 574
1532 578
1330 514
1032 772
827 414
840 401
839 390
844 394
840 394
840 396
836 400
836 391
836 400
834 386
834 385
832 387
833 392
832 394
832 308
830 286
830 290
838 294
832 300
832 296
832 296
840 294
830 296
962 372
947 396
950 405
945 409
952 396
956 400
948 402
951 402
950 392
922 394
896 384
893 380
887 380
895 388
964 361
1116 314

Slide #18
1110 314
1110 308
1112 313
1108 311
1111 317
1113 320
1114 317
1115 314
1115 316
993 386
849 522
842 513
850 510
847 514
848 518
826 397
827 390
822 401
826 398
824 398
830 398
826 398
828 394
812 384
818 392
816 392
822 400
812 398
816 394
1159 935
1246 460
1252 459
1253 458
1248 458
1246 452
1248 452
1252 455
1243 460
1250 447
1244 447
1246 451
1243 454
1246 446
1246 444
1248 450
1204 418
1210 408
1210 404
1217 410
1412 411
1420 415
1422 413
1412 413
1416 410
1414 412
1415 416
1459 424
1456 416
1456 416
1456 411
1455 413
1448 411
1448 415
1452 408
1444 414
1264 408
983 459
990 446
989 455
996 455
996 453
994 458
993 456
1056 444
1064 460
1057 448
1052 450
1057 452
1052 451
1056 450
1050 447
1053 462
842 446
630 428
635 432
612 428
613 428
612 424
612 437

Slide #19
616 366
663 322
661 318
655 316
656 324
668 275
668 271
670 268
668 271
675 278
669 276
774 390
808 473
804 463
804 466
806 470
808 474
807 472
808 476
723 540
642 616
638 622
634 628
642 630
641 624
642 619
639 615
648 621
666 636
722 670
715 665
716 668
725 662
722 660
720 664
722 662
716 676
611 633
617 626
624 626
617 630
616 626
620 624
612 639
626 640
760 642
1109 650
1105 646
1104 650
1100 655
1100 644
1108 644
1105 650
1102 644
1252 727
1295 760
1296 763
1311 754
1298 760
1295 754
1286 764
1405 754
1406 740
1416 746
1406 749
1410 750
1410 748
1408 746
1400 753
1404 744
1414 736
1404 743
1410 740
1409 751
1407 746
1412 733
1412 742
1402 746
1402 742
1414 742
1410 742
1414 742
1407 740
1402 741
1087 563
1021 529
1016 530
1023 526
1020 526
1020 535
1016 528

Slide #20
1022 531
1018 527
985 520
992 502
990 498
992 500
980 508
990 508
942 518
676 499
682 497
678 505
679 500
684 495
661 439
652 428
649 432
654 433
662 430
657 434
644 428
654 432
652 428
655 428
652 419
651 435
652 432
658 422
683 430
686 439
696 431
689 438
740 438
1095 538
1088 557
1092 554
1088 556
1086 565
1078 563
1088 556
1090 564
1085 556
1087 563
1086 555
1102 559
1280 645
1276 651
1271 648
1271 644
1270 643
1271 646
1279 645
1264 641
1268 646
1278 641
1296 425
1290 424
1298 429
1293 430
1299 432
1287 421
1310 352
1313 322
1302 328
1300 331
1300 334
1268 302
1262 312
1265 300
1260 299
1267 299
1266 301
1260 300
1269 294
1260 309
1272 300
1264 300
1263 298
1268 297
1258 300
1266 296
1259 300
1260 304
1268 296
1084 342
906 517
906 520
900 516
902 523
908 522
906 528

Slide #21
904 519
760 746
727 786
732 784
736 792
733 788
742 780
728 789
740 776
723 766
657 618
668 626
662 623
656 626
664 622
780 512
807 450
799 449
806 450
803 456
800 452
800 462
608 442
609 446
609 460
602 452
604 456
613 453
630 462
656 468
654 470
650 468
660 468
664 464
664 463
659 470
664 478
658 468
672 476
558 458
502 456
502 459
502 448
511 454
510 464
504 452
504 458
507 452
502 446
511 446
708 338
714 350
712 342
706 346
708 348
705 344
708 338
711 324
716 334
714 330
714 329
718 326
713 332
1050 485
1242 698
1229 694
1235 692
1236 700
1228 700
1236 690
1052 606
1027 604
1028 606
1029 606
1016 612
1022 608
1031 606
1146 689
1143 694
1146 696
1022 688
616 676
570 672
579 676
574 680
584 677
578 680
502 668
502 668
514 664
506 664

Slide #22
506 656
500 678
488 648
484 640
490 642
488 645
492 652
497 644
486 636
632 618
874 580
869 583
876 578
866 579
871 587
866 590
872 580
804 525
724 432
722 426
723 428
728 428
716 422
1093 554
1154 622
1147 630
1150 618
1158 622
1148 624
1152 617
1154 616
1212 666
1218 672
1215 674
1215 674
1210 678
1214 672
1221 668
1209 672
1208 678
1214 671
1206 676
1012 508
944 454
956 455
951 455
963 456
952 459
948 452
957 448
939 441
920 368
914 371
918 374
917 374
910 368
902 396
898 318
902 326
900 314
868 741
1142 624
1136 616
1129 622
1134 622
1134 624
1136 624
1134 622
1136 624
1138 628
1134 626
794 737
747 789
752 778
748 789
745 778
748 783
756 777
750 787
754 772
752 777
566 774

Slide #23
487 756
489 760
493 756
496 756
492 757
492 762
494 754
484 748
531 753
832 674
820 670
822 664
816 666
816 668
816 666
760 532
757 546
765 536
760 542
759 535
759 542
750 546
752 546
719 554
718 568
716 564
722 566
723 554
958 567
1033 582
1030 583
1024 594
1031 582
1028 594
1032 587
1024 590
1017 574
941 511
956 508
956 504
947 516
950 508
949 504
948 503
956 502
1067 512
1074 511
1071 519
1066 522
1079 518
1068 526
1073 514
1072 520
1067 518
1072 519
1182 652
1184 712
1190 706
1176 710
1189 710
1183 714
1190 709
1186 700
1184 704
1185 708
1186 708
1178 711
1153 694
1167 698
1159 694
1159 701
1158 700
1158 698
1146 714
1160 698
1139 616
1148 605
1144 609
1192 396
1182 410
1184 412
1188 407
1188 400
1082 504
1070 548
1062 545
1064 552
1067 537
1068 549
1060 562
1066 556
1043 560
887 468
888 473
892 478
902 470
902 470
897 468
897 466
896 466
897 469
894 472
894 479
742 548
736 560
732 558
738 570
734 576
732 576
738 576
730 566
736 571
736 568
738 574
716 562
726 544
724 538
720 540
724 533
728 544
732 542
726 550
727 540
730 544
706 511
701 518
703 514
703 506
702 508
708 506
700 506
700 508
708 509
698 500
696 450
700 454
700 452
700 456
688 452
693 451
792 404
791 410
788 406
789 400
791 398
795 402
792 408
792 400
794 412
800 432
792 431
796 435
795 429
794 433
796 436
792 432
784 434
789 409
792 414
794 418
796 416
794 418
837 392
972 354
960 352
962 358
968 353
966 354
964 351
970 358
960 359
966 352
968 355
958 355
966 358
988 350
988 354
987 354
992 360
984 358
992 359
991 354
985 365
986 354
986 366
1142 359
1157 352
1156 358
1154 356
1155 358
1148 360
1152 361
1161 363
1154 362
1169 364
1164 364
1166 367
1165 358
1160 365
1160 375
1172 365
1162 368
1160 370
1168 357
1178 439
1124 653
1072 680
1074 680
1072 677
1076 683
1086 662
1014 644
962 640
966 635
960 641
964 642
959 643
968 644
970 636
961 638
961 644
964 641
964 644
970 644
956 647
962 641
956 648
962 650
965 640
963 637
823 700
808 722
806 714
799 720
808 722
803 718
804 722
801 716
804 718
804 718
802 730
800 730
804 722
800 720
742 705
748 723
750 703
754 713
748 709
757 710
746 714
698 743
700 724
696 716
702 720
696 722
700 725
708 714
696 716
696 712
644 722
654 721
660 724
658 724
658 729
653 714
654 732
657 726
678 686
713 592
711 590
721 580
719 585
720 582
720 596
728 582
726 566
729 570
728 576
730 574
726 578
677 623
678 626
676 622
678 627
672 620
672 624
678 626
674 626
692 598
697 588
706 592

Slide #24
692 589
698 596
694 592
694 589
694 594
700 591
694 590
694 591
704 590
908 517
900 520
900 514
753 408
756 408
752 415
754 415
761 419
762 409
758 411
754 410
757 380
756 381
754 373
757 372
756 377
756 371
754 376
749 368
758 366
754 388
479 374
485 378
485 372
484 381
486 373
476 380
482 383
489 377
486 378
538 377
998 395
1230 423
1234 410
1236 403
1231 416
1237 416
1233 408
1234 416
1221 348
1218 350
1219 352
1219 344
1227 340
1218 343
1217 344
1220 338
1222 342
1222 340
1227 334
1298 338
1298 336
1302 328
1297 327
1298 332
1297 328
1300 332
1304 332
1262 458
1164 672
1168 670
1153 679
1167 669
1164 658
1160 660
1156 668
1077 682
1054 698
1056 699
1050 696
1062 698
1055 699
1056 701
1043 684
952 598
956 603
963 598
956 610

Slide #25
952 605
963 604
963 602
762 657
720 682
723 686
728 674
722 682
723 668
730 675
702 526
703 498
705 500
696 505
708 502
702 506
639 476
628 472
642 467
632 468
638 464
638 462
632 470
654 469
686 478
685 483
687 488
690 480
690 486
684 482
684 484
686 487
728 498
1033 663
1074 745
1076 730
1071 744
1070 746
1074 738
1034 628
1040 572
1030 580
1040 579
1038 584
1044 584
1037 578
1034 554
1030 550
1028 558
1027 551
1028 552
1026 552
1020 560
1025 552
1024 560
1030 564
1036 551
1022 558
1012 560
1010 556
1016 560
1008 560
1020 555
1008 554
1009 546
1011 559
1062 560
1066 564
1064 568
1074 563
1066 568
1060 562
1062 560
1066 558
1062 560
1065 560
1059 558
1060 560
1036 618
1035 618
1033 618
1039 616
1034 618
1040 618
1040 613
1037 618
1042 612
1035 622
1038 622
1032 627
1040 616
1054 610
1052 612

Slide #26
1050 614
1052 608
1052 605
1048 608
1054 608
1051 608
1050 618
1052 608
1048 607
1032 542
1044 441
1042 436
1045 438
1050 428
1044 436
1045 434
1029 430
1026 426
1033 419
1025 423
1022 427
1026 420
1030 422
1032 416
902 420
761 558
778 437
773 442
774 438
779 437
780 442
778 440
780 442
784 438
840 498
849 496
842 495
842 506
848 494
849 498
846 500
848 492
852 498
846 503
848 504
850 498
852 501
862 500
856 495
1030 453
1118 446
1122 446
1128 440
1256 670
1270 452
1256 418
1251 420
1258 414
1255 420
1252 420
1254 416
1256 416
1250 420
1248 422
1204 416
1166 414
1165 419
1169 422
1167 419
1162 414
1157 421
1154 419
1164 414
1164 424
1161 430
1158 418
1162 411
1170 410
1163 414
1164 410
1158 372
1158 374
1158 371
1158 378
1164 366
1158 368
1152 370

Slide #27
1110 349
1114 360
1106 360
1114 354
862 414
830 434
832 434
827 434
832 440
824 446
826 442
828 444
839 438
836 445
836 452
835 452
836 448
832 454
840 440
830 447
840 445
834 442
872 426
882 425
876 426
878 423
868 434
868 428
871 424
872 432
835 419
822 423
836 420
834 406
828 414
837 416
889 360
928 314
939 322
930 331
930 316
930 322
938 309
936 296
934 294
938 296
936 306
938 300
941 300
942 290
936 301
932 296
831 390
776 476
776 484
778 479
780 485
778 494
788 486
783 489
784 492
782 492
746 499
576 504
580 504
586 502
578 495
586 506
584 504
580 507
584 507
577 502
578 508
712 572
912 716
904 707
902 712
906 712
910 702
908 550
901 494
902 506
902 504
904 504
896 508
909 497
902 506
894 504

Slide #28
899 514
831 512
826 509
828 510
831 505
825 504
832 520
832 512
826 518
828 516
823 512
850 508
949 426
948 422
946 424
944 428
946 420
950 426
944 419
960 416
1066 437
1058 441
1060 444
1060 446
1058 447
1004 422
1008 428
1006 420
1016 417
1020 434
1016 431
1012 436
1018 442
1021 444
1014 444
1022 444
1020 433
1018 434
1105 668
1092 738
1090 744
1100 736
1099 730
1098 734
1094 736
1098 728
1094 730
1092 734
994 755
981 768
968 772
984 763
984 762
986 753
982 764
984 764
983 760
982 754
980 757
1202 755
1254 744
1252 738
1248 748
1250 746
1246 744
1252 745
1240 744
1256 738
1242 746
1250 748
1237 742
1242 740
885 738
867 754
860 770
859 771
860 762
856 762
860 754
868 756
861 757
845 1065

Slide #29
1210 678
996 733
800 859
798 871
798 876
792 877
792 866
795 864
797 872
794 864
818 590
808 592
817 612
814 601
821 602
810 600
917 546
926 552
915 552
917 551
920 548
914 551
918 553
908 556
914 551
912 556
916 558
914 558
921 554
917 546
918 551
914 546
913 556
1018 573
1028 568
1024 570
1031 563
1032 568
1032 563
1025 568
1028 566
1028 562
1033 564
1034 567
1032 555
912 612
896 635
892 644
892 643
892 652
897 650
900 646
898 633
902 636
900 656
898 639
794 642
740 644
734 641
738 652
735 652
734 647
733 650
739 645
740 646
744 646
750 650
746 640
741 653
741 656
746 646
745 648
736 656
742 638
740 646
746 648
739 643
734 653
742 644
781 598
864 464
858 470
859 474
865 470
860 474
854 473
857 468
867 474
860 472
858 470

Slide #30
844 477
818 508
822 500
820 513
819 504
812 514
819 514
820 518
822 508
819 514
815 523
824 518
816 520
821 524
824 514
828 518
822 516
824 520
824 514
769 558
770 569
768 562
768 564
766 568
768 568
764 571
783 560
910 480
902 470
902 473
903 480
905 476
906 472
904 480
900 478
911 477
910 474
859 462
850 466
855 461
860 468
860 454
860 452
858 461
892 456
1020 463
1014 460
1020 456
1018 460
1014 460
1012 462
1012 464
1116 486
1105 483
1108 482
1105 486
1108 484
1101 488
1112 482
1108 488
1112 484
1109 490
1104 488
1116 488
1106 487
1108 484
1109 493
1146 570
1150 709
1140 720
1142 707
1142 712
1145 713
1138 722
1140 714
1143 714
1138 715
1140 717
1066 695
1056 678
1054 684
1058 686
1055 679
1055 686
1140 718
1144 730
1142 730
1138 714
1149 714
1023 662
1002 670
1015 668
1006 670

Slide #31
1000 673
723 666
690 672
692 672
700 674
695 668
688 674
692 674
697 670
694 668
698 673
688 670
783 676
772 670
770 670
777 670
625 667
596 684
594 698
584 692
596 689
592 695
590 693
592 690
594 690
592 690
594 685
592 688
586 693
584 694
583 696
590 692
580 690
582 696
592 700
590 687
584 693
609 684
604 690
601 688
601 689
610 694
599 686
596 676
602 686
602 678
608 684
750 654
754 658
753 655
756 650
753 646
747 653
749 652
752 650
753 653
756 659
748 652
922 705
938 713
940 712
940 716
936 712
934 714
932 724
936 720
938 712
940 708
1022 675
1021 655
1022 648
1024 644
1019 654
963 614
904 590
903 583
912 590
902 595
904 593
948 571
970 556
968 551
972 550
969 554
974 546
962 546
964 546
968 548
1054 536
1188 514

Slide #32
1186 512
1184 510
1186 508
1188 508
1183 510
1190 504
1188 504
1193 510
1100 502
980 527
982 533
977 533
986 533
976 532
976 528
921 522
818 516
826 521
819 520
812 517
820 514
756 498
749 488
750 490
747 495
743 501
748 486
754 486
748 490
748 494
748 486
718 532
724 540
725 542
722 540
726 535
728 526
728 540
1048 652
1082 682
1074 682
1080 678
1078 677
1076 686
1077 684
1116 648
1128 641
1125 632
1132 635
1136 636
1130 641
1136 631
1133 636
1130 628
1132 636
1110 610
966 616
974 612
977 598
974 606
964 618
966 608
980 596
976 614
928 648
934 660
932 671
928 671
936 674
918 678
928 667
1222 650
1217 647
1218 644
1220 652
1206 660
1210 658
1208 654
1220 654
1206 661
1211 654
1220 650
1236 654
1234 658
1233 656
1238 657
1242 656
1238 658
1234 662
1223 724
1234 744
1238 746
1235 742
1231 746
1239 742
1152 743
813 718
818 722
834 720
824 721
822 721
822 720
827 708
825 723
823 715
820 706
821 724
826 719
811 650
860 382
828 382
826 389
825 394
834 388
830 388
838 385
828 386
830 386
740 352
748 350
748 348
749 352
740 356
777 366
1016 392
1002 382
999 384
994 384
1004 390
1000 388
993 382
1004 379
1000 384
984 389
898 410
900 417
903 406
900 404
901 403
900 402
901 402
1179 356
1194 356
1190 362
1202 362
1194 354
1192 360
1200 350
1194 355
1194 360
1200 352
1200 354
1193 358
1204 370
1230 419
1230 426
1226 423
1230 418
1226 424
1204 442
1229 588
1245 420
1243 414
1247 419
1250 421
1248 424
1242 420
1238 428
1232 422
1239 423
1007 468
953 472
954 473
954 477
956 468
952 472
949 477
948 470
960 468
950 471
954 474
956 477
886 553
877 565
878 566
876 548
877 565
877 565
795 551
708 560
709 570
716 560
710 566
718 568
708 565
708 566
746 525
770 514
770 516
764 520
770 525
772 524
767 524
766 524
768 514
832 490
827 500
828 492
826 492
828 498
830 495
830 497
826 494
830 490
828 492
830 485
825 482
830 480
832 484
837 504
969 609
958 596
959 596
960 601
966 598
960 592
963 596
960 598
960 606
968 599
958 599
1030 618
1021 617
1033 621
1030 624
1032 630
1036 628
1027 623
1036 614
994 598
1008 594
1008 598
997 598
1008 584
1008 594
1006 599
1002 596
1168 594
1198 594
1196 606
1197 607
1195 603
1190 606
1193 599
1198 594
1204 594
1162 602
910 512
860 518
860 510
860 511
860 514
857 510
859 502
854 520
859 514
858 519
860 518
859 516
902 558
950 620
956 618
951 628
946 634
955 629
950 627
953 626
956 623
954 622
946 626
952 620
1002 578
994 560
991 549
990 544
986 559
984 558
895 652
880 662
883 656
880 664
882 666
876 662
878 660
776 728
776 730
774 727
788 729
772 728

Slide #33
778 728
774 730
748 729
732 742
724 728
743 728
726 732
734 730
722 741
855 680
944 646
946 646
948 644
954 638
952 642
942 640
942 652
942 652
944 641
950 594
949 571
950 572
948 576
822 790
946 572
946 570
1042 578
1041 572
1036 577
1040 575
1039 580
1037 575
1038 575
1038 576
1114 598
1108 602
1116 594
1116 598
1110 596
1111 594
1114 592
1112 590
1110 587
1108 599
1113 592
1101 594
890 666
876 673
871 674
878 676
872 680
874 676
874 676
874 680
780 720
790 712
789 716
792 701
784 714
789 704
788 714
790 718
787 712
794 711
786 708
708 708
684 709
684 710
687 712
680 698
680 712
684 706
682 710
684 714
684 704
677 716
823 691
842 692
837 686
844 684
842 682
848 678
838 682
838 684
844 687
842 684
846 688
755 714
747 723
746 722
750 717

Slide #34
750 720
748 720
751 711
918 646
954 607
944 612
946 610
943 611
950 620
942 615
946 614
945 622
948 615
993 563
1025 553
1034 550
1026 558
1024 554
1036 550
1030 550
1175 616
1174 629
1177 634
1170 633
1177 626
1172 625
1169 634
1174 644
1176 638
875 670
777 688
774 702
782 694
776 694
771 697
775 696
768 702
772 706
773 691
748 624
742 604
742 610
742 605
739 620
746 606
734 604
682 578
690 584
679 576
684 572
978 564
1426 596
1523 602
1532 613
1538 611
1531 602
1538 606
1534 618
1541 597
1540 600
1538 602
938 590
928 444
930 440
924 442
922 446
924 448
928 446
926 448
922 454
929 444
930 459
927 450
922 449
924 449
933 455
924 450
998 410
1010 403
1000 402
1007 404
1013 400
1008 406
1008 400
1001 406
1004 403
1002 397
1010 402
1010 400
1007 406
1058 432
1066 434
1062 435
1065 441
1064 439
1060 432
1062 436
1218 450
1221 439
1224 440
1224 448
1226 446
1228 450
1222 449
1222 447
1236 450
1228 453
1230 449
1230 448
1398 557
1549 596
1544 588
1542 576
1546 594
1546 580
1544 584
1550 587
1547 589
1256 505
1180 476
1176 472
1179 482
1171 477
1174 472
1172 470
1172 479
1177 474
1171 476
1200 418
1194 410
1196 414
1202 414
1199 412
1198 414
1086 412
820 464
788 476
790 468
794 476
800 470
790 468
789 461
790 466
780 464
790 470
802 430
802 430
798 426
800 426
799 416
802 427
803 432
796 424
798 429
807 430
803 428
808 428
718 384
716 390
720 398
722 398
725 396
720 392
726 396
718 400
728 393
726 390
728 404
721 401
719 398
727 398
818 424
828 454
832 462
830 464
832 460
836 464
831 466
833 461
754 558
759 576
759 570
754 566
750 570
756 572
753 572
755 574
760 572
756 571
753 572
750 565
836 582
916 582
925 577
926 581
919 572
924 580
911 574
918 580
924 580
910 564
923 572
749 586
682 574
694 586
684 580
692 590
688 586
688 588
681 586
686 584
690 584
686 586
682 578
714 582
1124 548
1176 577
1166 582
1172 583
1174 582
1166 582
1164 584
1232 452
1200 348
1201 341
1196 346
1206 355
1208 352
1200 355
1204 343
1201 350
1203 348
1204 348
1210 347
1210 351
1208 354
1208 354
1234 408
1234 412
1230 418
1226 418
1227 411
1224 415
1220 404
1230 429
1228 410
1182 426
1179 420
1184 417
1181 434
1182 432
1176 428
1173 426
1182 428
1182 426
1178 430
1176 433
1222 480
1215 615
1218 624
1210 620
1212 632
1208 622
1206 614
1210 616
1208 616
1206 622
1212 620
1212 619
1210 626
1259 678
1259 710
1254 700
1250 710
1252 706
1259 714
1247 709
1256 706
1194 752
1189 744
1188 747
1182 752
1187 739
1188 752
1176 749
1051 730
1058 737
1056 744
1048 727
1057 744
1051 742
1052 732
1056 746
1059 741
1065 742
1065 740
920 724
884 712
881 712
883 709
881 714
884 714

Slide #35
887 712
892 714
892 724
876 667
880 638
880 632
878 641
872 636
878 642
880 636
880 640
880 638
1010 580
1028 584
1020 584
1025 574
1020 574
1022 581
1062 587
1059 594
1057 591
1052 593
1046 588
1055 593
1054 598
1082 598
1078 591
1086 602
1085 605
1087 596
1088 592
1071 602
1069 596
1064 596
1070 592
1074 582
1073 595
1063 594
1070 596
1070 592
1066 590
1070 598
1076 596
1074 596
1068 596
1070 594
1110 586
1106 596
1109 600
1108 608
1106 600
1156 604
1414 602
1401 598
1398 604
1398 609
1384 600
1395 602
1386 597
1413 588
1412 569
1406 566
1407 566
1410 568
1407 560
1406 556
1416 566
1407 568
1410 574
1420 560
1414 574
1410 568
1408 570
1416 554
1414 559
1412 564
1422 553
1415 544
1404 554
1415 557
1432 611
1422 614
1422 622
1424 620
1435 612
1418 614
1430 618
1425 608
1431 600
1418 608
1422 599
1427 594
1422 602
1420 613
1422 594
1423 598

Slide #36
1422 595
1419 604
1416 604
1192 580
1152 586
1155 574
1154 584
1155 582
1156 574
1156 584
1157 581
963 546
906 547
904 552
908 550
906 557
904 550
910 558
909 560
904 544
801 506
769 498
770 494
779 505
770 494
774 492
774 498
770 498
776 500
768 500
768 497
772 494
758 508
717 686
722 689
712 682
717 686
712 689
694 493
671 385
684 390
656 398
657 397
660 394
660 401
656 392
655 398
654 387
651 390
647 392
643 392
653 394
646 396
648 398
804 396
856 394
856 402
864 404
852 404
852 401
859 396
736 380
663 348
661 348
662 351
666 352
664 356
663 368
636 335
643 334
644 344
643 348
643 342
636 339
644 338
642 322
640 301
643 308
636 316
642 314
790 330
1007 383
1006 374
1016 377
1012 374
1016 372
1054 388
1050 400
1040 394
1042 393
1042 396
1040 400
1043 387
1048 394
1046 396
1042 394
1046 390
1042 394
927 420
860 434
858 438
858 442
860 436
866 439
850 443
826 409
831 408
827 407
823 414
818 408
854 400
855 408
837 403
842 406
838 404
834 396
834 408
807 411
743 493
734 604
736 610
742 608
743 600
742 594
844 665
840 664
845 665
844 664
850 672
854 661
841 670
841 666
824 659
829 665
830 672
835 664
826 671
831 659
835 659
835 668
828 664
826 660
1052 690
1237 707
1234 717
1240 723
1232 722
1232 722
1235 722
1240 712
1221 722
1204 674
1198 683
1183 685
1200 684
1190 680
1196 642
1190 334
1198 340
1202 345
1208 346
1200 344
1206 350
1238 306
1236 318
1228 311
1236 314
1227 312
1240 314
1148 362
1134 374
1132 377
1135 375
1132 368
1136 368
1136 351
1140 350
1132 343
1133 351
1135 343
1134 340
1142 344
1154 455
1164 519
1150 518
1148 524
1156 525
1152 520
1150 526
1154 517
1163 516
1155 528
1157 518
1151 525
1153 522
1156 520
1154 526
1101 550
987 592
980 600
978 605
986 604
982 604
985 597
939 558
942 552
943 548
946 542
943 547
947 542
944 541
944 541
959 606
961 612
978 600
962 606
967 612
972 607
964 608
964 614
882 594
874 608
876 602
874 600
878 604
878 592
880 596
886 595
878 603
782 606
660 676
659 678
653 681
662 675
664 684
662 676
662 677
665 673
663 674
668 674
664 674
638 556
642 572
646 568
641 571
646 568
642 563
642 569
638 566
667 583
676 590
666 593
669 589
674 594
670 590
669 581
666 584
658 576
667 574
662 582
663 587
666 586
665 580
666 576
694 584
691 582
692 592
697 576
696 583
698 583
696 576
692 586
698 588
695 584
652 570
677 576
678 573
683 568
679 568
676 572
669 578
662 575
670 566
668 582
666 573
680 540
692 514
700 502
693 512
693 518
700 508
700 514
695 513

Slide #37
695 514
696 510
680 514
675 510
680 513
680 510
674 511
672 508
674 512
675 511
706 511
927 622
922 604
926 604
924 607
918 611
927 624
926 612
928 614
904 536
893 490
892 488
895 491
902 499
894 498
889 500
896 495
912 492
1006 519
1054 538
1046 572
1050 573
1048 576
1044 570
1051 566
1045 576
1049 578
1050 578
1046 576
1046 577
1173 714
1188 718
1178 720
1180 722
1176 722
1180 712
1176 727
1178 712
1176 719
1024 641
981 630
979 621
980 630
974 636
929 660
691 768
695 756
698 756
702 750
699 754
701 750
700 754
700 742
649 706
635 700
630 698
629 690
634 686
633 694
630 692
624 692
632 699
658 622
678 603
680 618
691 608
684 606
681 612
674 604
682 608
602 662
612 670
610 665
612 664
610 656
605 660
606 659
609 662
614 660
612 672
609 660

Slide #38
612 672
652 427
655 422
658 423
653 424
655 416
656 418
780 348
784 340
784 338
784 338
783 334
786 336
1080 506
1153 582
1148 579
1156 588
1157 584
1150 593
1154 590
1155 583
1192 514
1223 456
1225 456
1228 454
1226 450
1357 250
1396 202
1388 212
1383 242
1386 245
1378 239
1380 244
1380 244
1392 263
1392 258
1397 260
1394 263
1397 270
1397 268
1390 267
1387 261
1392 263
1400 268
1394 266
1388 269
1098 286
977 296
986 310
985 312
984 304
986 316
982 302
982 306
913 302
730 309
722 294
722 298
728 302
730 304
726 306
722 305
731 308
727 310
737 333
756 522
768 534
764 528
767 522
766 521
764 528
766 530
1040 724
1114 829
1124 836
1118 831
1116 840
1122 840
1122 834
1123 835
1120 836
1248 798
1263 794
1259 794
1251 792
1250 794
1255 792
1260 792
1352 494
1353 348
1345 340

Slide #39
1342 348
1344 352
1374 306
1393 257
1390 255
1394 249
1385 261
1390 258
1386 262
1274 296
1020 432
1020 421
1037 426
1034 433
1030 430
1029 431
1030 434
1035 428
1030 423
1028 426
1033 430
950 508
851 676
860 692
860 690
846 680
852 674
855 678
860 682
850 689
848 686
782 610
781 625
780 620
778 638
776 606
771 610
779 618
647 521
650 519
610 522
614 526
610 527
618 530
612 526
616 535
614 514
618 530
617 523
612 518
766 514
778 510
779 512
780 512
788 529
778 515
711 823
858 735
858 688
858 687
860 682
848 696
850 684
856 700
852 698
853 682
854 696
852 691
851 693
782 654
796 637
790 635
797 630
796 642
796 638
794 646
1132 830
1153 813
1139 812
1139 819
1146 814
1142 821
1081 794
984 764
985 753
990 744
984 749
982 754
979 762
973 766
938 680
936 665
936 674
933 677
931 678
944 665
938 668
992 723
994 725
996 730
1000 732
998 718
988 716
990 732
1010 721
1018 676
1030 674
1042 660
1022 670
1030 680
1022 677
1033 674
1034 664
1024 680
915 633
924 628
924 630
914 638
920 638
920 628
922 626
924 634
925 646
1234 843
1304 900
1303 901
1300 898
1302 894
1302 878
1302 892
1308 886
1238 806
1234 802
1233 794
1230 800
1234 796
1233 802
1226 800
1226 796
1110 840
994 861
1004 843
988 861
1004 847
996 848
992 848
994 852
952 856
602 854
580 862
588 856
588 866
592 858
592 859
587 862
591 871
594 868
512 750
508 745
516 738
512 746
511 754
505 750
510 750
510 747
506 748
518 746
514 712
540 461
542 442
546 444
542 442
544 442
546 436
546 446
547 440
552 442
592 336
604 330
600 338
598 334
601 340
598 344
611 338
598 336
602 336
608 338
606 337
604 337
608 342
645 260
646 268
641 260
650 263
648 266
644 259
650 263
641 262
646 266
644 263
645 270
727 264
762 260
764 270
768 262
769 260
766 258
762 261
772 261
1038 264
1066 276
1068 264
1069 274
1066 270
1070 268
1074 274
1073 270
1071 274
1068 272
1165 258
1187 238
1190 238
1190 235
1186 237
1188 236
1186 248
1188 240
1182 239
1187 238
1248 242
1280 240
1281 241
1278 243
1270 240
1270 245
1270 231
1270 238
1413 253
1409 250
1410 266
1420 278
1414 190
1414 192
1410 189
1412 193
1408 194
1417 194
1412 200
1250 212
976 294
942 404
948 400
946 397
947 398
942 390
951 390
948 390
950 392
942 400
944 400
946 392
950 391
942 386
851 418
799 429
798 450
792 444
796 446
800 441
794 444
796 444
794 436
792 441
802 441
798 434
784 434
788 436
796 436
796 444
798 447
799 438
806 448
846 484
838 484
840 499
840 484
841 482
842 492
966 499
1078 534
1072 532
1076 535
1072 528
1072 534
1071 530
1077 531
1080 537

Slide #40
1074 532
1070 530
1144 500
1140 512
1136 508
1142 504
1144 498
1143 497
1142 504
1134 494
1136 500
1138 498
1096 684
1080 736
1079 722
1086 734
1079 728
1080 729
1084 726
1079 728
1010 756
952 749
947 764
951 752
942 762
948 766
934 748
934 758
944 750
948 757
948 774
940 747
944 760
1063 798
1097 793
1095 802
1096 801
1100 796
1098 796
857 708
835 714
830 718
840 718
842 718
834 726
834 730
834 712
838 722
837 720
832 711
836 717
837 724
838 720
968 736
972 743
968 745
974 742
968 740
965 746
968 737
1011 762
1018 760
1014 758
1012 766
1022 762
1014 759
1018 766
1190 724
1186 720
1185 706
1182 715
1189 722
1242 612
1247 596
1234 588
1248 592
1244 590
1241 594
1242 594
1239 556
1234 439
1238 434
1230 435
1231 441
1240 433
1198 358
1192 354
1188 358
1184 355
1194 358
1186 350
1174 336
1180 328

Slide #41
1174 327
1171 331
1174 330
1180 330
1172 325
1176 335
1177 326
1178 332
1174 325
1164 324
946 602
938 596
940 598
952 598
936 601
944 599
944 594
942 591
944 594
928 686
930 678
933 678
926 680
930 684
808 624
612 480
600 474
592 480
579 478
587 476
583 472
514 478
520 480
523 494
520 490
514 494
252 522
576 387
570 391
567 428
574 422
570 426
570 426
576 430
572 417
568 424
569 423
571 414
570 424
578 418
573 416
564 410
573 414
574 420
574 410
570 414
576 418
578 416
575 416
583 416
580 412
576 404
578 408
580 406
615 410
641 406
640 412
638 416
642 416
640 418
648 420
641 412
599 408
598 408
