
Slide #1
1020 500
1016 509
1024 512
1023 506
1032 506
1017 500
1019 494
1024 502
1025 501
1021 502
1028 501
1027 512
1021 507
1014 508
948 410
908 336
912 346
904 330
910 326
906 334
890 418
902 411
880 234
882 238
872 226
874 226
875 232
870 222
873 234
888 250
966 362
968 360
976 366
970 352
971 362
970 354
904 76
808 310
824 358
969 548
948 532
956 535
950 538
921 806
964 878
982 774
974 740
972 729
976 734
955 625
977 732
976 727
878 1058
883 1077
880 1068
837 1026
898 381
936 131
936 136
930 138
944 140
942 138
945 140
944 141
920 246
910 476
914 462
910 475
908 460
912 476
908 466
918 476
913 470
909 468
910 458
909 459
918 462
920 456
908 449
912 466
896 396
828 164
834 184
828 173
832 176
832 174
821 199
686 356
680 351
680 352
682 352
683 346
678 347
680 351
680 343
684 352
675 345
570 102
569 87
571 115
572 112
569 124
898 75
908 68
910 69
918 64
920 69
920 70
900 95
778 515
772 536
776 541
773 538
770 509
775 541
776 534
770 548
768 536
794 452
818 327
822 328
826 330
824 314
822 328
818 270
819 78
821 75
823 64
839 49
822 70
819 61
828 68
858 379
945 668
878 784
940 706
946 678
947 678
946 687
940 680
938 679
904 606
802 203
807 134
806 198
806 200

Slide #2
817 210
798 209
798 210
794 215
798 212
794 212
796 294
826 410
818 413
821 422
825 417
822 416
821 416
826 444
818 480
818 490
816 499
824 484
818 492
822 487
852 637
859 684
844 696
843 682
848 674
854 676
856 669
854 680
860 678
804 613
809 598
808 608
803 618
804 606
810 592
804 568
795 585
804 582
804 576
798 572
799 565
810 570
812 564
812 584
814 573
814 568
813 560
818 582
812 570
818 578
810 572
952 666
986 701
980 712
986 700
976 700
1020 524
1032 329
1032 392
1038 390
1038 387
1036 396
1040 394
1036 386
1064 285
1090 256
1086 256
1088 258
1090 255
1152 242
1307 248
1301 251
1298 251
1306 247
1304 252
1302 247
1300 252
1347 260
1354 259
1364 267
1364 259
1366 263
1362 260
1362 260
1310 256
1302 245
1306 252
1307 242

Slide #3
1296 243
1302 254
1304 246
1299 234
1298 250
1300 252
1094 314
1040 381
1045 392
1036 386
1042 390
1046 389
984 532
982 670
976 660
975 656
980 658
982 666
978 650
987 559
986 606
990 604
992 604
996 611
996 604
997 598
988 604
987 598
894 665
877 670
874 682
872 678
874 664
862 701
863 710
862 714
853 708
863 710
852 711
848 702
956 664
943 654
942 658
940 632
948 666
955 666
952 662
934 645
841 463
840 470
854 477
846 463
846 472
852 474
842 470
841 474
856 394
868 358
866 360
883 370
868 359
868 361
871 369
870 352
870 364
922 368
953 376
952 367
957 380
956 372
956 376
928 380
740 466
730 472
746 463
739 472
734 465
738 468
738 470
730 466
726 470
740 464
742 472
749 478
742 460
800 424
806 436
810 437
802 414
803 436
804 428
794 432
780 396

Slide #4
784 399
779 390
782 389
782 384
786 388
782 394
784 394
777 390
783 384
778 389
876 430
892 446
884 440
890 451
878 440
878 436
884 436
878 441
876 436
939 339
972 309
954 304
958 305
956 308
958 294
958 309
968 314
971 335
969 319
960 310
971 311
962 324
968 320
968 315
962 321
968 321
955 308
975 309
966 321
967 316
962 314
957 322
956 325
963 319
966 318
963 308
955 319
966 318
966 316
924 393
887 413
891 421
886 424
886 431
891 420
896 417
897 390
907 464
906 456
900 439
922 478
904 468
911 474
910 482
916 486
894 462
904 462
906 460
899 460
900 462
905 480
896 447
898 454
903 464
898 462
898 462
892 452
896 450
905 461
980 478
1019 458
1034 474
1034 475
1024 485
1036 484
1020 430
1136 484

Slide #5
1141 504
1142 488
1138 487
1122 489
978 454
884 420
890 420
892 419
892 428
894 420
891 423
892 421
892 432
888 427
928 480
940 526
943 520
934 528
947 528
940 534
938 531
984 574
986 566
997 580
1001 578
829 596
662 605
649 600
658 610
656 604
656 612
652 629
652 695
646 696
656 694
650 692
652 692
648 702
640 714
642 709
636 703
640 715
641 706
640 702
634 705
647 708
672 606
680 604
678 608
684 600
684 595
680 593
680 603
686 604
660 514
683 602
975 468
1118 504
1122 498
1122 497
1119 515
1119 510
1119 508
1122 497
1127 435
1136 297
1137 242
1140 290
1135 296
1138 293
1139 294
1137 304
1127 302
1136 297
1137 298
1251 399
1367 515
1375 498
1384 513
1372 504
1372 504
1372 508
1372 515
1374 521
1382 512
1401 536
1412 558
1405 556
1404 558

Slide #6
1406 556
1410 550
1412 554
1410 552
1399 549
1409 554
1408 556
1401 551
1312 510
1072 408
1076 421
1068 419
1068 417
1078 422
1028 488
936 562
936 567
942 576
938 570
938 561
938 568
894 597
890 596
894 608
900 604
896 607
895 602
900 612
904 608
885 594
890 602
889 598
897 602
892 597
892 607
871 378
864 328
865 327
861 330
869 330
866 324
872 337
862 330
868 334
862 322
870 328
862 315
811 276
809 277
807 272
808 282
808 282
809 259
803 352
812 278
804 266
812 276
808 274
808 275
810 276
805 280
810 275
1022 463
1056 492
1058 495
1066 508
1058 505
1061 506
1056 504
1058 512
1060 506
1021 530
896 614
890 612
896 612
878 600
890 616
884 576
889 606
896 608
882 608
886 610
886 618
896 619
888 616
1090 502
1171 486

Slide #7
1171 475
1176 476
1180 477
1176 478
1172 466
1172 466
1206 442
1210 440
1204 442
1209 445
1070 464
958 510
952 509
956 506
964 515
960 522
954 506
956 506
961 511
958 522
954 512
958 508
998 490
1000 482
1005 492
1010 494
984 486
978 468
1008 458
1010 464
1019 475
1011 468
1003 460
1070 604
1066 593
1062 590
1062 596
1060 588
1065 604
1058 620
1063 626
1056 622
1058 612
1059 622
1062 613
1065 622
1032 572
1011 474
1014 475
1007 458
1010 466
1011 458
1014 466
1020 469
1006 464
1010 470
1004 474
1012 453
1012 456
1012 450
1012 450
1010 444
1015 456
1017 459
1014 452
1038 452
1236 524
1234 526
1242 537
1238 530
1236 532
1236 522
1226 530
1236 526
1234 530
1234 536
1236 533
1212 672
1211 672
1208 666
1214 680
1207 660
1204 668
1210 666
1220 636
1228 620
1222 636
1222 638
1220 621
1222 630
1170 766
1172 768
1176 779
1176 772
1173 760
1169 752
1142 746
1133 762
1135 746
1142 751
1138 738
1059 638
1053 641
1056 641
1056 630
1050 630
1048 636
1064 637
1054 622
1060 632
958 636
880 652
885 658
884 644
885 650
886 666
889 654
886 653
872 656
884 645
881 648
953 592
1009 492
1018 506
1010 500
1014 500
1006 506
1017 500
1008 508
1012 492
1014 493
984 482
974 401
984 474
976 471
985 474
988 477
984 489
974 468
983 482
1010 472
1016 475
1012 461
1014 472
1020 480
1000 444
1017 474
1022 470
1020 468
1014 470
1012 392
1015 454
1014 466
1018 472
1014 466
1019 474
1008 472
1006 412
1010 455
1021 451
1017 452
1017 450
1014 454
1017 458
1011 452
1012 344
1012 453
1005 444
1016 462
1015 464
1016 458
1006 456
911 422
818 420
814 423
804 421
811 425
805 424
810 428
814 425
798 403
810 422
797 388
804 404
808 421
814 423
808 424
811 414
811 421
814 425
812 426
810 432
814 426
807 424
815 420
814 420
1023 589
1012 462
1022 453
1014 457
1011 456
1005 451
1008 454
1000 447
1008 450
1013 456
1007 453
1014 450
1004 454
995 449
1006 449
1012 445
1009 458
1008 454
1010 457
1006 454
1000 338
1006 450
999 460
1014 448
996 394
1016 461
1010 466
1007 454
1008 451
1012 466
1004 448
1001 460
1000 450
1004 447
1006 450
1000 452
994 442
1012 466
1010 454
996 456
989 444
1003 452
1012 458
1003 455
1000 444
1011 460
1001 458
984 452
984 454
989 454
960 363
948 278
982 452
984 452
992 458
974 475
965 464
968 456
982 476
976 460
978 468
977 468
974 467
980 285
1000 461
998 454
989 362
1006 460
1008 466
996 394
994 462
1007 462
1008 459
1012 460
1006 456
996 416

Slide #8
1025 449
1188 383
1183 386
1190 382
1188 392
1180 388
1185 388
1188 386
1186 396
920 433
890 444
896 460
890 442
891 444
826 418
832 430
826 420
826 424
826 426
828 430
830 419
827 428
828 422
830 424
825 432
830 432
814 422
641 412
647 416
646 415
646 415
639 411
605 442
602 442
606 440
606 440
600 435
752 452
1042 478
1052 479
1049 483
1046 487
1048 483
1048 478
1055 490
1046 485
1158 477
1380 453
1374 444
1377 452
1375 442
1380 441
1378 452
1374 438
1277 522
1254 570
1257 564
1256 572
1258 577
1263 578
1309 612
1302 616
1304 628
1300 614
1308 625
1310 620
1306 621
1227 501
1224 472
1225 464
1220 467
1216 470
1221 466
1220 479
1224 480
1258 527
1280 602
1284 610
1282 596
1280 596
1279 598
1290 625
1292 616
1288 612
1288 612
1282 622
1290 617
1289 608
1280 642
1238 796
1237 814
1236 800

Slide #9
1234 794
1241 802
1006 705
827 627
823 599
830 622
814 622
818 622
810 622
826 633
842 564
912 385
922 392
920 399
913 392
920 394
914 392
918 392
1143 376
1148 370
1146 371
1144 378
1151 380
1148 382
1115 273
1116 266
1116 259
1114 260
1117 264
1346 286
1396 293
1396 296
1389 296
1385 286
1392 290
1390 292
1396 286
1385 292
1389 302
1391 299
1391 300
1386 293
1387 300
1387 298
1385 292
1379 286
1384 284
1384 280
1379 280
1387 284
1376 286
1383 289
1382 288
1385 282
1378 288
1098 272
756 266
756 261
756 260
761 261
758 258
763 265
751 254
753 262
758 262
762 254
753 252
760 263
758 260
628 223
607 225
618 220
608 232
989 841
604 233
605 240
612 236
604 234
612 229
606 238
608 234
614 229
611 232
603 238
604 236
604 238
894 352

Slide #10
1202 450
1198 447
1192 454
1190 454
868 308
817 303
820 300
816 297
815 300
818 305
934 636
939 660
949 652
956 651
954 662
931 669
937 654
939 651
832 748
826 724
818 738
818 748
818 742
828 742
816 739
812 744
742 732
594 666
581 658
588 670
586 653
570 660
586 670
588 666
923 743
959 739
954 747
952 753
960 730
965 740
956 746
968 686
1066 762
1062 766
1058 762
1065 764
1139 782
1140 774
1116 779
1131 773
1132 769
1134 502
1146 390
1145 382
1146 396
1141 396
1144 388
1152 391
1144 394
1172 415
1168 418
1166 418
1174 410
1166 416
1168 412
1172 422
1166 420
1171 417
1191 554
1190 574
1198 566
1190 568
1185 574
1190 576
1188 569
1140 504
1118 441
1122 443
1128 432
1120 438
1123 435
1116 442
1126 433
1130 430
1135 474
1142 477
1137 482
1144 482
1134 480
1132 488
1056 476
1060 472

Slide #11
1056 480
1052 478
1049 472
728 595
587 660
586 662
597 666
600 658
596 668
594 660
595 661
708 505
742 452
736 458
735 448
738 455
733 455
706 470
670 498
665 500
670 509
666 507
661 502
663 502
659 504
705 394
712 344
710 340
714 347
710 344
711 342
716 337
720 342
720 304
712 347
672 398
676 438
664 438
670 438
668 446
666 434
674 434
666 439
676 442
672 442
672 433
667 443
666 433
667 442
674 436
664 444
662 436
666 434
671 432
666 434
668 440
664 441
668 440
674 440
667 439
938 488
954 498
960 496
954 501
956 502
1070 558
1068 564
1072 567
1066 561
1068 564
1072 560
1064 590
1042 662
1044 668
1042 668
1046 661
1044 662
1048 668
1042 671
1034 672
1041 671
1037 668
1044 664

Slide #12
1041 663
1040 661
978 564
976 552
982 546
974 552
976 556
972 558
970 559
971 552
971 550
1012 598
1012 598
1014 598
1014 592
996 604
1034 611
1034 614
1032 616
1038 614
1000 618
996 621
998 624
1002 612
1000 618
997 618
1005 612
1004 614
996 622
1172 528
1182 536
1181 536
1182 536
1185 536
1179 533
1157 530
1148 536
1142 526
1144 535
1158 529
1148 530
1218 528
1218 528
1223 533
1216 526
1330 588
1378 594
1370 596
1395 596
1409 590
1408 597
1404 595
1406 588
1401 586
1407 596
1408 598
1402 588
1424 618
1425 608
1424 606
1419 612
1066 407
872 362
871 371
876 370
879 367
878 364
876 366
868 364
871 372
876 362
872 368
878 360
878 364
736 370
692 378
693 372
694 374
696 384
730 386
755 399
758 404
751 398
762 396
755 398
753 406
802 394
975 384
985 380

Slide #13
979 388
986 385
978 389
980 388
982 390
980 378
980 374
976 350
982 388
984 388
1020 492
1040 540
1035 536
1034 544
1032 547
1041 539
1034 578
1053 618
1048 634
1041 604
1039 613
1048 632
1057 684
1040 620
1055 674
1051 662
1052 621
1057 678
1052 666
1050 666
980 610
941 524
936 513
932 500
930 492
936 512
878 376
848 251
844 249
856 248
846 252
846 194
842 256
1040 654
1094 863
1074 718
1054 688
1065 694
1050 571
1064 690
1064 687
1060 682
1040 634
1055 675
1052 676
1046 664
1041 642
1050 666
1051 677
1044 642
1050 676
1052 657
1029 570
1051 676
1050 679
1058 670
1044 670
1046 671
1043 660
1054 670
1056 666
1074 630
1064 620
1054 516
1068 620
1064 620
1070 596
1063 602
1044 590
930 492
928 488
930 478
928 479
931 492
936 483

Slide #14
932 486
929 482
924 480
1066 635
1076 626
1074 630
1072 616
1068 627
1073 635
1074 634
1066 629
1072 633
1070 626
984 610
971 603
982 610
978 612
981 606
1012 616
1032 647
1024 650
1026 628
1028 638
1040 659
1034 649
1026 676
1044 678
1045 654
1039 645
1036 639
1100 474
1128 384
1124 378
1122 388
1115 376
1128 380
1116 378
1262 401
1260 410
1255 398
1254 407
1254 398
1262 396
1242 340
1214 244
1201 228
1210 250
1212 246
1204 246
1204 255
1213 238
1038 476
1028 586
1028 566
1032 603
1018 568
1034 615
1024 609
1026 611
1022 605
845 696
805 692
808 700
806 697
811 678
820 700
806 684
975 605
1027 619
1032 624
1040 626
1034 636
1034 618
1034 624
1034 628
1034 541
1040 336
1036 338
1038 338
1034 335
1042 342
1041 332
1018 277
1028 362
1014 636

Slide #15
1022 672
1015 672
1010 657
1006 668
1008 666
1016 660
1014 672
1016 666
1004 670
1012 667
938 504
927 421
928 424
926 412
926 425
922 412
922 414
918 344
922 426
920 414
880 450
830 516
828 513
824 530
826 508
830 509
817 502
826 507
821 504
822 502
827 508
830 521
898 502
899 505
902 492
902 502
894 491
894 488
901 506
898 491
906 506
918 513
920 514
922 522
912 506
918 520
912 518
908 498
919 514
918 516
914 509
926 520
932 512
929 512
927 518
928 520
1062 416
1198 318
1195 326
1193 321
1192 312
1194 324
1200 328
1200 320
1194 324
1200 324
1212 284
1219 288
1220 282
1216 286
1218 280
1216 280
1220 279
1260 286
1396 290
1402 298
1400 295
1398 292
1398 300
1396 300
1396 296
1401 290
1399 304
1390 292
1336 306
1096 312
1094 304
1100 306
1099 304
1094 287
1096 312
1058 238
888 214
900 224
892 214
894 226
896 218
896 223
900 224
892 213
878 235
601 192
594 186
593 204
595 208
598 193
599 198
602 192
772 322
832 336
834 341
838 332
838 343
831 338
836 338
840 338
836 342
840 344
836 340
834 342
842 340
844 338
836 340
949 466
950 468
947 469
946 464
942 477
946 469
946 470
946 468
950 474
950 470
919 550
920 552
922 544
930 543
927 541
923 549
919 773
908 787
911 791
914 784
910 796
913 786
909 784
917 786
909 790
918 808
937 812
945 813
950 796
938 805
938 812
947 806
950 825
950 824
951 834
962 821
952 823
940 834
952 818
836 785
826 800
822 801
833 799
832 799
829 806
828 802
828 812
835 795
864 810
938 796
936 787
955 782
942 794
946 782
1228 802
1270 804
1272 802
1266 804
1268 810
1267 803
1258 752
1222 520
1225 516
1228 512
1226 514
1230 512
1232 512
1228 512
1226 518
1226 509
1234 514
1222 508
1164 488
1162 488
1154 494
1162 496
1154 502
1153 498
1156 496
1156 498
1176 482
1387 283
1390 278
1392 292
1396 282
1390 281
1396 284
1392 283
1402 281
1400 286
1396 270
1399 281
1398 285
1222 217
1197 213
1196 213
1201 205
1201 212
1204 214
1202 222
1070 216
929 222
918 216
934 220
930 228
926 222
928 217
849 230
586 244
582 246
578 263
572 266
571 264
564 256
544 215
518 187
510 194
516 194
516 192
516 226
564 535
560 564
558 564
569 568
562 567
554 554
567 568
566 574
558 567
568 588
560 596
573 597
570 598
569 592
570 606
574 593
565 601
504 552
496 518
495 528
498 531
493 527
497 528
493 519
496 528
504 530
724 535
728 540
731 527
729 532
726 542
724 534
727 549
728 534
732 536
830 538
830 535
828 541
828 546
830 548
841 539
832 544
812 564
725 626
729 619
720 629
728 619
726 621
727 628
733 624
726 637
727 622
732 626
744 646
744 658
746 659

Slide #16
744 668
748 664
750 660
744 680
746 654
597 752
581 786
590 790
590 795
582 777
700 652
858 528
854 516
856 528
854 523
851 534
857 528
909 541
908 546
911 542
1189 488
1186 490
1189 489
1185 498
1190 493
1200 510
1208 511
1218 502
1214 512
1214 506
1270 514
1397 522
1398 530
1428 527
1428 528
1422 523
1426 524
1432 530
1436 532
1428 535
1428 518
1432 526
1435 525
1422 534
1250 564
1254 556
1242 576
1246 562
1244 554
1279 542
1417 530
1416 541
1414 540
1422 531
1419 520
1414 532
1418 539
1418 526
1428 546
1424 540
1430 534
1429 530
1428 542
1437 542
1426 536
1432 536
1423 533
1426 530
1352 522
998 440
946 436
942 435
947 429
940 443
948 446
948 448
952 453
890 437
886 442
885 446
884 435
885 435
890 443
888 435

Slide #17
888 445
886 440
882 436
891 436
887 444
890 439
886 438
892 448
877 434
891 434
748 436
705 438
705 428
700 430
694 426
698 440
833 701
691 526
682 430
690 436
688 436
686 429
680 429
876 332
905 318
900 324
906 319
900 316
900 330
910 322
1047 318
1282 324
1282 328
1289 320
1276 322
1273 320
1282 313
1284 320
1280 325
1282 320
1287 322
1282 318
1284 322
1279 313
1290 328
1282 334
1288 322
1286 322
1286 326
1290 330
1284 324
1256 398
1180 614
1174 615
1179 632
1173 610
1172 627
1101 623
872 646
878 654
876 653
878 652
886 664
874 644
869 644
876 650
998 755
998 759
1018 768
1011 761
1016 762
1016 757
1016 765
1011 767
1034 589
1024 564
1026 562
1020 570
1019 562
1018 571
1028 564
814 601
720 617
718 638
718 620
736 666
706 622
680 502

Slide #18
684 440
684 424
690 446
682 434
684 434
681 429
686 430
683 434
686 432
688 432
823 464
832 464
826 471
836 463
834 476
830 470
831 475
806 458
696 398
700 402
690 400
690 393
688 410
698 429
692 410
686 418
696 428
685 405
691 414
695 416
688 412
833 402
1050 409
1062 420
1065 425
1060 418
1057 425
1056 426
1063 420
1067 425
1070 423
944 565
943 574
941 574
942 566
937 564
937 563
1008 656
1022 702
1018 694
1012 689
1010 689
1018 688
1012 666
1013 678
961 644
902 629
910 629
906 636
904 634
882 680
882 666
876 682
883 678
883 679
878 680
879 668
884 676
887 678
880 669
949 556
960 532
967 532
962 536
956 532
963 546
960 534
954 534
960 543
960 546
954 532
954 534
964 538
960 542
898 506
885 497
890 492
889 504
885 494
884 504
888 500
885 492
886 502
894 504
892 502
888 502
946 486
946 486
955 482
952 490
950 482
956 488
956 489
942 475
983 494
973 484
974 491
976 498
978 496
980 494
975 480
976 492
977 498
976 497
978 490
974 492
970 490
980 494
978 492
974 484
966 487
978 490
980 498
986 504
968 496
974 491
976 487
982 493
978 488
975 491
974 490
974 486
972 493
978 492
984 500
972 488
976 501
978 488
973 493
976 497
969 492
979 489
976 500
974 496
974 490
964 478
967 488
968 482
965 486
973 493
968 498
974 485
972 490
956 468
972 494
960 482
971 480
972 494
973 495
974 494
968 487
1000 657
967 625
968 499
958 478
958 480
966 484
967 478
956 480
964 496
968 510
974 496
960 488
964 502
973 496
961 509
973 502
976 505
973 506
974 510
969 497
1001 627
1012 711
1009 700
1004 692
1012 708
1014 718
1014 711
1062 709
1224 706
1232 710
1236 724
1234 720
1236 720
1242 725
1234 706
1252 754
1261 759
1254 746
1258 752
897 678
882 680
879 676
870 670
874 686
886 682
874 676
882 697
872 686
876 692
888 700
876 693
879 682
878 693
878 692
976 579
1221 415
1217 402
1218 408
1236 437
1218 410
1219 412
1220 406
1216 414
1217 410
1228 341
1238 344
1232 343
1229 344
1237 347
1156 370
1154 382
1150 374
1157 386
1156 396
1158 385
1154 384
1159 382
1156 375
1160 378
1164 374
1160 374
1158 377
1210 508
1210 564
1212 564
1210 560
1210 560
1215 554
1206 556
870 426
767 403
772 408
772 408
770 414
770 403
698 404
700 398
700 402
700 405
695 412
688 410
695 428
690 412
733 411
844 393
839 383
840 378
844 378
842 386
846 386
852 387
842 380
884 432
881 444
876 444

Slide #19
885 442
882 444
892 444
882 444
790 577
762 648
768 644
766 650
763 642
762 650
762 650
976 536
976 540
978 540
972 529
982 538
979 535
971 536
981 540
977 532
985 540
726 624
707 632
700 626
696 628
706 624
710 621
716 606
712 596
714 590
724 626
712 598
720 592
709 592
722 598
710 592
990 620
1217 657
1216 638
1212 644
1214 638
1214 644
1214 649
1216 646
1226 648
1216 647
1220 641
1218 661
1212 640
1222 645
1222 650
1184 644
1186 653
1186 652
1184 650
1186 648
1150 655
1158 660
1154 658
1154 658
1150 652
1158 653
1311 524
1362 502
1362 504
1362 494
1370 495
1365 476
1365 502
1360 476
1365 493
1364 490
1356 496
1366 478
1060 462
960 458
959 452
917 502
920 476
905 466
922 472

Slide #20
913 464
681 508
689 506
688 506
688 502
691 510
694 502
694 511
712 529
793 522
793 518
785 528
782 514
818 480
829 442
836 448
826 440
836 446
836 454
835 441
832 439
1075 422
1078 414
1081 418
1080 423
1082 421
1077 413
1086 424
1084 418
1100 541
1088 637
1096 641
1098 653
1096 658
1096 648
1102 664
1090 645
1098 651
1098 670
1106 549
1123 562
1112 556
1121 563
1112 569
1114 562
1118 568
1115 552
1110 560
1120 556
1116 561
1117 557
1109 557
894 474
891 474
828 444
824 436
993 456
994 466
994 476
998 473
990 462
998 457
1002 469
1000 459
994 455
962 523
966 522
958 518
962 520
964 520
968 520
952 528
967 520
968 527
968 518
833 440
836 445
842 440
835 448
826 436
839 449
832 439
834 437
834 450
836 442
836 449
835 447
840 450
834 447
834 442
836 442
826 446
836 447
834 450
835 451
836 442
834 440
826 446
835 453
834 452
832 440
838 442
833 432
837 442
832 442
836 443
838 446
832 440
836 453
833 452
917 827
851 575
848 440
853 434
850 432
852 434
844 431
836 432
846 442
837 438
844 438
856 440
846 438
844 432
848 444
850 446
840 433
842 442
844 439
837 443
837 438
1006 412
1005 422
1007 426
1008 424
1012 428
1004 418
1015 428
1008 420
1015 428
1016 434
1027 423
1020 394
1026 388
1019 380
1086 386
1204 380
1196 380
1196 382
1196 378
1196 380
1202 376
1184 383
1188 400
1179 380
1180 394
1184 391
1186 395
1036 390
824 380
831 386
831 396
833 392
830 390
822 389
828 384
832 386
825 390
826 390
828 380
826 382
826 390
830 381
824 376
831 386
768 358
774 362
773 358
764 352
762 357
778 358
774 366
767 348
775 360
832 452
830 449
833 445
830 455
828 454
828 444
804 604
808 681
810 678
796 671
814 678
812 686
813 672
806 674
809 683
809 673
812 680
893 665
1106 635
1102 633
1102 641
1100 632
1107 635
1102 622
1106 637
1104 632
1100 630
1102 639
1090 570
1089 568
1088 558
1096 557
1090 544
1092 554
1092 556
1095 559
1218 718
1227 716
1220 722
1230 711
1218 722
1214 719
1223 716
1216 705
1222 716
1222 715
1191 717
1196 718
1198 722
1193 724
1198 714
1193 724
1194 723
1192 722
1189 724
1188 730
1207 718
1214 705
1210 714
1215 704
1214 705
1215 722
1190 715
1195 724
1203 721
1188 720
1191 736
1194 729
1196 732
1196 724
1192 732
1199 709
1208 730
1206 715
1214 726
1216 726
1210 714
1206 720
1210 716
1210 710
1208 718
1205 713
1204 706

Slide #21
1212 716
1206 722
1219 712
1216 709
1212 708
1208 711
1215 706
1212 718
1206 704
1027 646
994 648
982 644
962 752
920 617
926 607
931 630
930 614
951 420
952 414
954 418
952 414
955 416
955 421
952 421
956 418
940 438
932 436
928 437
940 444
938 436
930 424
930 433
940 447
938 439
932 436
837 606
842 699
848 702
836 694
840 705
840 702
836 705
835 699
868 689
873 710
861 691
866 697
868 684
870 688
1014 684
1040 692
1044 695
1041 686
1047 688
1038 670
1038 680
1038 684
1036 671
1039 668
1042 692
1124 528
1182 390
1174 396
1177 388
1178 387
1181 396
1186 388
1169 383
1176 386
1172 391
1182 388
1212 425
1214 433
1209 420
1214 424
1210 426
1208 433
1205 422
1212 424
1216 426
1214 426
1015 348
882 337
879 337
882 346
880 338
880 339
887 338
833 568
876 370
876 367
888 372
877 368
884 376
882 374
881 376
883 368
884 375
882 376
887 372
890 368
882 362
888 366
892 369
885 358
941 362
937 358
940 351
941 358
941 372
943 378
935 365
939 368
941 361
926 353
936 368
940 359
935 363
935 353
944 370
941 370
935 353
860 357
843 350
841 352
842 357
840 351
844 356
835 355
836 352
843 356
838 355
844 358
746 412
706 480
706 490
698 492
714 496
706 488
715 485
708 480
720 500
711 550
711 537
720 542
716 542
713 539
764 603
830 682
827 690
830 687
834 684
826 688
824 688
792 692
776 692
773 692
777 686
770 686
788 690
780 686
768 686
774 684
772 678
770 685
776 685
893 682
896 685
908 691
898 672
902 671
900 678
897 682
906 686
1026 660
1035 685
1040 681
1039 672
1032 677
1038 664
1080 596
1132 467
1132 456
1118 456
1126 462
1126 458
1132 463
1136 462
1124 462
1151 554
1154 564
1150 562
1152 573
1056 620
1050 620
1065 624
1056 620
1052 618
1061 629
1056 622
1058 628
1062 628
1055 620
1060 630
1061 613
1066 620
980 706
966 720
968 721
970 711
970 712
975 726
974 715
966 709
974 709
973 716
973 696
962 698
1150 615
1202 550
1208 560
1204 566
1202 564
1214 558
1207 548
1206 566
1214 566
1212 534
1219 521
1220 526
1217 514
1223 512
1218 512
1216 510
1218 516
1218 516
1216 520
1202 562
1200 572
1204 566
1198 564
1206 570
1204 567
1199 566
1199 560
1226 604
1196 570
1207 440
1206 436
1202 430
1206 435
1217 464
1204 435
1202 436
1204 439
1200 429
1204 442
1211 436
1204 428
1200 437
1200 428
1199 428
1200 436
1195 443
1192 438
1193 442
1194 442
1026 364
1021 358
1020 353
1020 358
1010 366
1018 364
1021 368
1026 364
1023 361
1022 356
1032 378
1036 394
1040 397
1036 394
1038 392
1045 388
1044 386
978 431
978 419
986 426
969 414
974 413
978 420
975 411

Slide #22
891 482
927 388
928 384
931 386
934 388
934 388
933 391
955 396
1076 452
1080 454
1082 458
1082 454
1082 458
1058 458
1068 458
1076 446
1068 464
1066 470
1070 458
1070 460
1066 466
1062 461
1068 460
1070 450
1074 461
1070 460
952 448
837 431
844 432
842 431
850 446
844 433
1149 426
1182 426
1181 434
1188 430
1181 428
1174 406
1176 397
1174 394
1175 402
1184 396
1178 396
1182 407
1175 412
1104 360
870 354
708 388
701 386
697 384
700 386
695 393
700 392
701 389
699 393
611 537
620 540
622 534
618 529
616 524
851 465
860 482
848 470
852 469
1068 502
1078 507
1070 461
1062 440
1070 462
1072 457
1070 460

Slide #23
1070 450
1119 644
1121 646
1116 644
1115 647
1113 650
1117 633
1122 644
1004 492
1002 505
988 499
998 502
997 499
924 550
922 550
928 551
928 550
928 552
904 574
900 596
906 593
904 578
893 574
904 576
892 584
898 585
898 588
884 592
892 595
882 586
893 598
1137 542
1210 538
1212 543
1212 531
1212 535
1220 549
1306 574
1306 580
1315 568
1318 574
1326 578
1439 494
1438 478
1431 485
1438 488
1437 478
1444 491
1184 480
930 479
920 468
934 484
928 476
930 478
932 484
933 485
932 484
932 480
938 486
937 485
936 486
942 487
930 488
934 484
942 498
938 496
944 486
936 480
932 480
938 478
936 486
938 484
940 488
936 481
938 488
928 485
938 487
931 486
934 487
935 470
942 484
932 488
932 488
920 566
918 570
926 580

Slide #24
920 578
915 568
920 580
886 588
886 596
888 589
880 580
882 578
886 589
898 599
886 594
888 592
889 592
886 592
886 594
894 596
884 592
894 598
948 559
1012 531
1014 526
1018 534
1014 530
1020 528
1018 522
1012 520
1013 524
1016 520
1008 518
1014 530
1012 519
918 496
912 490
911 494
910 496
907 488
910 488
911 490
906 426
912 344
914 346
913 351
914 338
910 344
912 345
905 344
1016 398
1059 428
1054 422
1057 432
1059 429
1060 440
1054 416
1058 422
1066 435
1062 424
1058 434
1057 429
1058 440
1056 433
1056 424
1057 432
1054 424
1052 426
1047 428
1056 424
1058 432
1058 424
1064 436
1055 420
1057 429
1052 432
1058 429
1057 434
1050 432
1030 448
913 469
922 384
920 388
920 388
922 382
923 392
920 381
924 394
922 390
925 388
922 383
922 392
920 389
922 381
925 390
914 380
923 389
927 404
932 402
922 394
922 392
928 398
924 394
940 415
944 432
938 428
939 418
933 420
939 450
936 498
936 492
928 482
934 495
932 490
1147 490
1198 478
1200 478
1196 476
1196 478
1201 492
1192 482
1198 484
1195 492
1260 608
1258 620
1260 605
1260 611
1248 613
1200 482
1194 476
1190 480
1188 486
1192 476
1194 484
1184 482
1192 484
1194 464
1206 460
1204 464
1203 460
1204 476
1202 459
1197 460
1200 461
1194 462
1199 464
1202 454
1200 450
1202 273
1190 287
1198 270
1185 280
1200 278
1194 280
1198 290
1194 281
1272 258
1379 252
1382 254
1374 244
1378 254
1388 257
1379 251
1372 243
1380 248
1393 257
1394 260
1398 263
1400 271
1398 258
1398 270
1396 256
1394 264
1395 256
1399 274
1398 270
1409 248
1410 246
1402 245
1399 252
1414 246
1411 240
1418 250
1408 250
1404 264
1385 280
1401 276
1386 272
1391 274
1395 272
1391 270
1395 270
1235 262
1053 240
1056 258
1056 256
1047 248
1052 260
1050 258
1042 256
1050 264
1050 260
1046 241
1036 259
1142 206
1136 204
1144 208
1142 207
1140 202
1146 198
942 204
770 222
764 228
770 226
772 231
772 224
772 226
774 222
762 224
746 248
746 249
747 254
744 258
748 256
738 250
620 221
528 198
532 222
533 225
530 224
529 220
537 218
544 214
531 312
566 604
568 640
564 632
558 630
560 630
564 630
566 639
562 628
558 623
659 706
676 716
672 703
676 715
676 718
672 714
672 710
668 716
680 752
680 748
685 750
678 752
683 748
682 751
678 746
681 755
676 751
681 744
674 746
780 822
822 844
825 844
824 853
834 845
873 938
886 850
884 861
884 860
886 854
878 850
884 854
894 853
1049 818
1050 829
1070 809
1054 820
1052 822
1023 762
1018 762
1018 764
1023 758
1020 764
1017 764
1004 744
1024 728
1020 731
1019 732
1012 733
1022 728
1007 741
1014 737
1016 732
1023 722
1018 737

Slide #25
1020 733
1022 712
1014 713
1016 718
1012 726
1016 716
1020 708
1024 714
1016 711
1028 706
1012 660
1032 608
1034 606
1040 602
1036 606
1030 614
1035 590
1034 588
1036 579
1040 594
1036 589
1014 602
1007 596
1019 582
1013 589
1023 588
1019 586
1020 586
1060 584
1054 578
1060 582
1051 590
1059 580
863 534
630 524
637 526
638 520
639 518
640 520
630 516
638 516
617 502
611 513
610 502
615 520
613 505
662 514
666 506
668 506
667 512
664 508
664 514
670 510
703 504
705 510
703 509
697 508
714 536
733 550
738 554
725 552
734 556
734 553
735 560
712 622
713 627
716 632
702 622
712 624
716 624
714 618
872 604
1224 578
1238 576
1235 570
1246 578
1232 576
1240 575
1242 574
1292 530
1297 532
1308 526
1312 532
1312 531
1185 526
1178 528
1188 535
1180 530
1179 534
1180 529
1176 530
1174 530

Slide #26
1178 532
1082 360
1080 348
1079 356
1080 348
1067 354
1081 347
1081 345
1079 346
1077 346
979 426
896 486
898 486
894 490
892 494
839 545
665 644
664 645
668 646
672 646
672 632
668 640
668 643
668 647
706 674
712 684
708 674
712 673
713 673
714 680
716 689
711 706
708 706
708 695
720 691
708 694
709 692
712 696
704 698
626 640
626 650
622 644
626 646
626 645
626 655
626 642
624 634
626 642
721 698
727 708
724 706
732 702
724 701
720 700
724 711
710 694
704 685
708 692
746 639
794 468
793 462
792 460
798 454
796 458
797 458
800 456
792 464
799 464
801 458
799 450
796 454
790 458
810 458
1098 345
1148 333
1141 338
1146 344
1146 337
1144 336
1036 296
964 268
964 272
964 269
968 268
972 269
966 268
966 266
1148 435
1203 542
1215 542
1214 538

Slide #27
1212 539
1215 542
1214 542
1208 545
1212 536
1150 543
1122 546
1138 532
1130 541
1126 540
907 605
902 614
906 606
900 610
894 614
746 468
737 484
744 482
742 481
737 484
743 479
741 490
736 482
699 468
702 473
702 462
698 475
705 467
698 478
828 1067
686 444
687 462
690 457
688 472
688 454
682 466
685 468
681 474
708 454
714 466
716 462
709 464
715 468
708 468
712 465
718 468
712 464
715 470
706 466
733 488
728 491
723 488
725 487
723 496
948 634
968 640
963 650
974 639
970 644
966 649
970 642
966 647
961 640
980 646
1264 697
1260 704
1277 708
1268 704
1266 704
1268 706
1261 709
1265 702
1267 702
1250 695
1137 576
1139 578
1144 581
1140 574
1148 579
1110 554
784 473
728 476
730 464

Slide #28
734 466
732 470
734 476
728 472
732 466
730 472
727 468
730 470
729 472
731 468
733 464
724 461
733 474
901 472
900 477
896 490
896 486
895 480
894 494
895 472
900 485
893 480
898 485
944 504
938 500
935 390
944 362
938 364
938 366
942 364
935 361
946 368
947 362
894 424
882 488
882 490
882 486
878 484
877 488
1020 412
1251 277
1264 279
1262 280
1256 274
1266 280
1265 283
1252 288
1262 282
1256 282
1256 284
1256 283
1322 252
1320 239
1316 244
1322 262
1322 254
1320 248
1326 263
1320 249
1316 247
1322 251
1328 249
1324 253
1374 363
1394 610
1414 602
1396 630
1394 630
1398 622
1394 623
1396 637
1396 620
1404 620
1433 590
1437 574
1437 572
1153 672
1158 686
1152 680
1154 684
1156 678
1154 676
1154 676
1159 684
1164 692
1149 684
915 709
920 706
910 701

Slide #29
914 702
914 708
914 706
886 692
711 542
701 540
708 558
708 550
701 544
698 544
712 540
815 460
816 461
817 462
816 474
812 462
820 472
864 472
869 476
876 478
875 482
881 474
883 486
826 674
870 494
877 498
870 498
873 479
873 492
867 494
875 495
864 496
869 497
866 493
875 498
894 514
1119 556
1112 543
1116 556
1120 555
1106 562
1116 558
1124 560
1119 564
1118 556
1114 608
1115 611
1116 604
1115 609
1103 601
1107 603
1069 534
1074 516
1066 520
1076 530
1064 524
1068 515
1076 534
1070 526
1075 525
1064 519
1071 520
1064 520
1070 528
1072 512
1062 514
1063 516
988 483
991 502
984 486
994 496
984 481
985 491
992 495
994 504
986 489
996 493
994 492
990 506
992 499
986 486
994 490
998 502
998 498
1000 499
996 504
1000 492
1002 486
1004 492
999 495
1001 498
1002 494
999 498
999 490
1002 495
1004 498
992 608
1099 1026
963 495
976 510
981 504
964 493
970 498
1002 509
1000 489
1011 516
1003 502
999 512
1004 512
1002 507
1002 506
1004 504
1006 520
932 501
869 523
858 522
1028 687
1118 748
1134 750
1134 758
1136 763
1134 770
1128 764
1124 756
1100 738
1086 730
1086 729
1091 732
1080 720
1085 728
1086 733
1082 722
1084 724
1080 721
1074 744
1076 750
1072 745
1082 758
1072 740
1068 744
1068 741
1072 736
1073 753
1074 748
1070 734
1066 737
1076 752
1061 730
1074 746
1060 734
1072 744
1063 744
1065 740
1071 762
1064 727
1068 734
1071 740
1068 763
1063 738
1066 734
1065 735
1054 720
1061 744
1028 714
828 653
824 655
825 648
818 648
825 650
824 647
819 650
826 652
792 662
799 662
806 672
801 665
804 660
806 665
802 662
797 663
798 663
799 666
770 695
778 700
770 701
778 696
764 684
766 684
770 698
756 716
746 708
756 712
749 702
752 700
754 710
756 714
758 708
752 712
752 716
760 715
760 710
746 710
754 716
752 722
750 718
755 722
761 718
763 731
762 717
764 708
750 694
754 707
758 697
754 446
752 378
748 378
755 384
750 373
752 384
750 383
748 386
752 389
716 398
712 402
711 404
710 402
715 395
713 404
712 394
722 400
730 404
728 397
726 401
732 404
745 397
903 339
898 334
905 339
910 336
910 343
902 338
911 345
916 350
1188 350
1210 364
1198 364
1204 364
1202 360
1208 371
1205 366
1202 358
1205 357
1215 367
1208 362
1207 402
1112 415
1120 350
1118 345
1112 348
1118 349
1122 350
1119 350
1119 346
1136 344
1142 340
1136 339
1138 340
1133 342
1137 338
1138 338
1141 338
1142 342
1142 344
1133 332
1113 339
1125 349
1119 340
1124 342
1120 345
1119 346
1121 338
1114 340
1124 350
1060 337
902 326
904 336
905 339

Slide #30
905 326
906 335
902 330
905 326
896 325
898 322
894 320
904 328
888 334
765 482
756 477
758 490
752 484
750 474
750 472
753 473
783 455
922 428
921 433
922 426
919 436
922 430
918 426
918 438
919 438
919 433
1242 416
1369 436
1374 431
1374 434
1368 430
1368 428
1369 428
1370 426
1374 434
1425 558
1424 628
1414 642
1417 644
1412 643
1414 628
1420 638
1416 616
1418 622
1410 632
1432 617
1432 622
1426 622
1423 620
1424 618
1432 610
1344 614
1334 604
1331 610
1328 616
1339 618
1326 612
1332 609
1330 624
1318 607
1320 610
1324 612
1318 604
1322 598
1322 610
1320 614
1320 605
1324 608
1316 607
1322 614
1324 604
1324 607
1320 608
1364 616
1424 624
1426 612
1415 626
1428 618
1424 612
1420 630
1422 624
1426 619
1410 626
1357 452
1342 411
1338 412
1340 412
1342 410
1340 416
1368 422
1368 420
1358 426

Slide #31
1366 426
1337 406
1006 316
926 308
930 320
936 315
933 316
926 314
938 318
931 320
930 314
934 320
929 309
926 312
1113 534
1142 600
1142 608
1142 596
1142 606
1143 598
1152 610
1192 618
1194 624
1188 642
1190 617
1194 630
1218 646
1258 680
1258 688
1264 702
1250 695
1260 693
1276 702
1292 734
1294 728
1286 730
1290 732
1285 726
1290 738
1288 740
1288 724
1248 688
1242 687
1246 678
1245 682
1248 686
1139 596
1140 592
1117 586
928 336
868 316
869 323
863 316
860 313
854 324
862 323
857 324
863 326
860 329
746 382
628 507
766 429
952 370
953 370
952 369
962 372
958 372
962 380
951 370
987 449
994 464
992 447
1000 451
988 446
980 448
1111 370
1126 283
1120 268

Slide #32
1128 280
1122 266
1131 279
1130 266
1128 266
1130 280
1132 272
1133 285
1042 394
1044 388
1041 392
1046 394
1038 378
954 436
958 430
952 435
952 432
954 430
913 482
910 488
904 475
911 476
920 483
910 468
674 450
627 451
626 453
626 447
622 447
623 448
654 462
652 466
655 464
656 464
653 468
655 464
656 460
661 470
671 471
740 495
744 492
736 490
738 494
742 495
742 502
729 496
750 536
752 536
745 536
755 536
749 535
744 530
734 566
725 560
720 568
720 573
724 572
722 566
721 584
720 586
720 583
718 574
804 548
1138 526
1164 524
1164 522
1163 516
1173 529
1168 524
1166 521
1172 524
1172 526
1232 508
1236 519
1238 522
1238 523
1214 558
1220 576
1221 570
1218 572
1216 566
1210 571
1214 572
1214 574
1215 573
1220 565
1218 573
1219 572
1214 567
1214 574
1222 572
976 557
885 554
898 559
884 540
886 542
891 553
882 544
910 555
930 587
926 581
928 583
926 579
927 569
869 622
871 592
870 592
876 610
875 602
878 609
1018 656
1224 682
1233 688
1231 690
1236 704
1231 692
1232 709
1232 708
1195 692
1200 712
1198 720
1198 707
1196 707
1420 564
1430 558
1430 570
1438 562
1431 562
1437 563
1432 558
1370 514
1195 408
732 350
732 348
791 359
1070 322
1176 317
1174 332
1174 324
1173 324
1170 316
1184 323
1172 316
1168 315
797 252
479 233
483 232
486 257
488 256
480 254
486 255
484 258
444 274
431 273
438 276
440 278
432 283
438 271
437 272
436 271
427 275
686 318
704 320
704 320
700 320
705 316
710 316
709 322
707 325
706 314
724 326
723 323
724 334
724 324
722 332
726 329
722 330
722 322
728 327
723 330
730 323
730 328
730 332
729 325
722 325
730 329
728 325
730 325
728 320
722 324
732 329
892 350
913 354
909 354
910 352
918 346
918 348
910 353
916 351
918 352
948 376
970 384
973 382
977 374
968 386
973 380
972 386
964 387
972 387
968 386
970 374
964 384
966 390
974 385
968 378
964 382
972 386
969 378
968 386
967 380
964 380
967 380
966 379
968 377
965 387
964 386
974 380
968 380
964 386
961 380
964 381
967 386
964 385
970 374
966 378
969 384
970 380
962 382
970 376
963 390
968 384
969 382
967 391
970 378
962 384
963 389
970 383
966 375
965 382
964 388
1099 684
1166 600
1180 413
1184 410
1180 414
1178 416
1180 416
1128 432
1128 431
1126 434
1128 434
1122 434
1126 426
1123 430
1274 417
1301 417
1304 416
1301 422
1302 416
1304 414
1292 412
1348 403
1342 402
1340 405
1343 402
1336 402
1345 406
1334 414
1352 457
1352 457
1359 464
1356 461
1356 458
1358 460
1364 462
1360 458
1384 462
1382 457
1380 459
1368 458
1271 431
1263 430
1264 426
1260 425
1255 416
824 643

Slide #33
640 397
650 399
688 440
685 442
691 451
696 452
690 454
651 397
693 454
858 542
881 547
885 546
881 550
879 542
878 542
858 505
858 558
866 594
876 602
863 596
860 590
862 592
874 383
883 380
884 384
880 389
874 381
880 384
884 379
884 382
880 384
972 548
990 691
998 712
992 697
988 703
991 714
996 708
996 697
992 704
958 727
966 730
967 728
960 720
959 728
967 726
965 726
955 726
969 730
950 444
932 416
934 423
936 418
930 422
908 394
912 384
910 397
910 382
906 396
914 388
906 383
903 387
911 391
908 382
910 385
910 382
914 382
908 390
908 384
905 388
910 391
908 393
894 382
849 400
859 410
866 402
856 404
841 397
842 390
995 564
984 574
975 561
979 566
984 580
977 558
978 566

Slide #34
978 562
970 556
982 560
986 554
1068 572
1262 582
1273 592
1269 582
1242 582
934 440
940 448
950 452
952 451
944 444
858 419
838 422
839 419
836 423
846 419
843 418
838 408
838 552
928 679
904 427
1018 519
1025 522
1024 529
1022 543
1022 521
1017 520
1022 530
956 416
951 416
946 411
956 414
938 454
950 445
940 442
945 444
940 448
944 450
1100 531
1170 611
1177 610
1172 624
1178 626
1170 628
872 694
848 724
854 731
856 718
859 731
850 730
842 718
845 724
842 720
902 689
908 700
902 695
896 690
896 693
900 702
906 691
910 712
812 436
798 380
802 380
800 396
806 392
806 400
836 416
838 408
832 406
840 405
828 398
836 402
840 410
834 396
838 413
830 371
830 378
830 376
826 368
827 376
834 377
952 413
954 416

Slide #35
955 418
950 398
959 414
958 414
952 400
954 416
952 417
938 614
912 421
906 398
914 404
908 396
906 404
913 401
912 408
961 626
962 679
961 686
966 676
956 670
964 676
962 684
962 684
960 682
916 676
923 685
918 688
918 684
913 688
913 690
773 781
766 785
776 777
774 779
790 786
778 793
779 762
824 476
824 467
820 452
820 469
825 464
822 455
826 460
826 465
824 462
828 466
824 464
766 453
620 432
620 440
635 458
624 440
624 438
622 438
622 438
606 447
606 457
598 450
744 388
818 376
820 378
824 382
823 380
1002 398
1156 410
1177 410
1182 408
1178 413
1168 414
1180 416
1184 418
1003 470
1003 481
1007 472
1002 473
1004 475
1004 481
870 468
862 464
855 467
858 464
862 462
866 476
884 476
874 466

Slide #36
882 470
882 475
880 472
884 480
866 465
880 476
883 476
876 476
878 472
742 569
736 554
724 546
742 566
750 562
944 552
1200 763
1199 760
1202 768
1204 766
1210 768
1211 767
1118 713
1013 668
1002 658
1018 680
1014 668
1015 666
1019 671
1228 358
1253 340
1258 336
1258 330
1254 330
1260 338
1255 336
1132 370
762 570
693 630
695 638
707 636
696 628
695 626
692 616
693 618
690 618
667 724
666 789
668 794
680 796
659 792
668 796
668 792
679 788
671 784
659 796
671 782
604 830
594 834
594 834
602 834
589 840
593 839
600 839
701 790
704 793
702 792
693 774
700 782
802 859
1160 595
1154 582
1156 573
1159 576
1154 580
1150 582
1098 558

Slide #37
986 530
980 530
983 533
979 520
975 528
976 519
974 528
976 522
980 525
981 527
981 531
910 559
914 542
908 540
916 534
919 546
920 558
923 548
920 542
914 538
918 534
970 586
973 588
966 588
974 592
970 595
969 587
976 586
972 578
980 588
969 585
963 630
966 641
962 630
962 644
970 646
969 650
956 635
966 644
954 644
936 650
880 689
875 696
877 690
879 688
870 670
892 694
877 684
884 690
882 696
880 690
880 691
886 703
878 684
874 680
896 529
886 527
886 532
883 535
890 538
889 536
888 494
888 486
894 500
893 502
882 500
895 500
890 490
886 487
895 444
887 437
898 444
896 436
940 391
1034 350
1046 351
1047 353
1050 364
1050 354
1054 365
1057 352
1056 356
1082 372
1096 386

Slide #38
1100 380
1094 384
1090 386
1095 383
1310 440
1524 478
1538 490
1526 480
1526 498
1518 484
1512 488
1316 478
992 502
996 508
1004 496
1008 499
1015 502
1004 488
1010 502
1010 495
1008 502
1010 504
1000 504
1060 444
1138 281
1138 285
1138 284
1138 284
1142 287
1146 288
1143 286
1132 272
1127 204
1124 207
1135 214
1133 222
1142 204
1134 207
1138 212
814 290
820 291
810 280
820 290
818 274
811 283
816 280
815 286
790 473
811 539
806 523
812 530
806 520
810 528
816 538
811 520
807 524
812 530
835 524
1065 552
1060 542
1066 566
1062 551
1064 566
1066 557
1062 556
1068 554
1058 555
1068 558
1068 562
1066 556
1090 572
1137 586
1145 581
1140 582
1142 586
1134 588
847 584
852 414
851 416
841 410
846 418
841 411
848 420
855 424
842 406
837 414
608 388
606 391
610 384
612 384
604 394
613 386
586 392
609 400
615 410
610 400
616 402
608 402
613 400
605 408
655 454
673 456
670 455
674 459
678 455
677 450
674 454
670 456
804 331
812 326
808 322
809 326
817 324
816 314
816 331
810 320
618 248
600 242
599 240
600 245
606 242
602 250
608 246
602 236
602 244
599 252
604 245
602 244
600 294
670 794
680 334
677 338
679 329
681 342
678 334
682 332
680 330
686 331
680 331
682 340
804 324
1134 303
1136 304
1134 300
1136 304
1130 305
1139 300
1132 301
1304 314
1328 308
1326 307
1322 308
1334 307
1328 306
1326 308
1284 554
1232 646
1236 660
1229 655
1234 650
1226 666
1232 660
1238 657
1230 659
1225 660
1228 658
972 646
946 642
943 648
946 646
937 644
936 656
938 648
944 651
943 651
944 648
938 645
946 642
906 646
530 791
580 688
576 713
564 706
574 700
575 685
578 704
568 694
572 688
834 606
914 596
914 595
912 594
914 586
923 586
912 594
923 590
912 590
914 588
940 436
944 368
944 366
945 368
944 368
950 366
906 448
840 354
840 345
836 346
838 345
843 346
842 339
839 343
874 401
880 399
885 408
885 407
886 396
880 410
876 404
878 410
883 403
878 410
883 402
882 399
880 402
892 397
858 510
874 722
824 426
832 433
826 424
824 424
752 519
732 511
725 518
721 524
726 526
724 526
726 524
731 513
720 520
728 524
756 496
772 483
768 482
770 476
772 481
772 481
770 468
771 474
770 474
853 442
948 404
948 399
954 403
954 406
952 411
947 404
952 398
948 408
949 400
949 394
950 399
950 403
945 400
956 398
950 406
950 404
944 404
966 652
912 497
926 500
917 498
913 497
920 502
918 502
922 500
920 494
916 502
918 502
918 504
914 506
916 506
922 510
922 497
916 508
910 508
913 508
914 505

Slide #39
921 495
923 501
918 498
916 504
912 500
912 498
918 506
916 498
917 497
921 496
874 518
788 568
782 570
794 566
788 571
723 646
722 635
724 650
726 642
721 654
724 657
722 644
727 656
721 642
720 624
720 630
719 636
712 638
716 634
716 636
716 631
716 640
671 712
656 754
658 748
659 766
652 752
658 755
654 754
656 756
659 765
660 750
678 713
836 550
857 538
856 538
860 540
868 538
858 540
870 537
876 523
882 520
883 516
882 525
1023 496
1052 506
1054 498
1054 510
1060 502
1059 488
1094 558
1154 676
1160 682
1158 685
1156 678
1155 678
1144 691
1161 737
1160 738
1166 735
1166 730
1162 732
1163 744
1168 684
1168 603
1169 602
1176 586
1182 584
1164 595
1213 468
1246 335
1248 334
1250 336
1250 332
1250 334
1245 335
1264 312
1271 312
1275 304
1276 308
1270 304
1106 294
822 262
822 278
826 276

Slide #40
820 275
823 277
822 276
822 280
818 274
615 546
571 674
573 691
572 690
578 709
566 681
778 490
794 477
796 478
784 480
797 484
795 470
795 480
797 474
796 478
792 471
921 392
922 398
922 397
924 398
928 403
926 396
926 392
918 404
926 399
922 402
925 396
930 407
950 568
954 566
952 564
965 552
958 562
954 558
958 562
962 562
959 554
956 563
953 558
962 554
960 560
946 562
962 556
952 561
961 554
956 556
959 552
986 542
1090 532
1087 532
1097 526
1088 528
1092 532
1097 522
1088 530
864 558
836 381
828 383
834 379
829 379
838 372
840 380
835 370
832 382
922 384
933 374
922 386
923 392
924 385
927 377
926 388
920 384
926 396
898 462
890 462
888 470
892 472
890 465
895 464
889 464
889 472
891 464
884 463
896 460
890 467
889 459
886 476
892 468
901 468
892 470
900 458
892 468
892 463
898 463
892 466
890 464
886 463
894 466
892 488
927 510
914 462
920 460
911 460
913 454
914 462
917 460
914 458
920 510
916 502
914 508
917 504
918 506
918 503
923 504
920 500
920 511
911 506
1042 388
1041 400
1040 391
1038 387
1037 398
1038 394
1036 396
1040 394
1042 396
1040 393
932 386
901 384
910 390
907 380
906 390
903 384
911 384
905 389
871 517
866 515
872 522
860 516
872 516
868 522
866 512
866 512
870 516
868 517
866 510
869 510
866 516
888 418
892 426
890 425
887 426
890 430
888 426
882 424
893 422
892 418
894 418
816 502
776 556
785 558
779 553
774 556
786 557
782 557
782 550
782 550
846 478
875 422
872 421
870 416
872 420
874 410
876 417
876 420
874 416
876 412
871 418
873 417
876 416
874 418
833 412
754 432
756 437
752 434
753 447
781 694
788 571
784 568
796 565
786 560
790 545
820 374
817 376
820 378
818 378
820 372
965 554
1023 618
1024 621
1015 640
1025 633
1024 628
1028 633
1026 631
1031 633
1030 634
1030 630
1118 614
1124 593
1124 594
1118 598
1128 589
1124 594
1122 590
1130 644
1112 672
1126 662
1120 670
1124 662
1120 656
1122 662
1094 661
832 694
844 702
843 692
838 687
839 704
844 676
848 689
838 688
847 686
842 700
851 731
860 716
860 722
860 734
856 726
868 730
858 726
806 624
808 624
807 612
802 614
799 618
801 612
802 612
800 615
820 644
815 634
822 638
816 642
817 638
813 644
819 644
849 610
859 612
858 610
856 600
848 608
860 601
850 610
854 610
858 610
852 610
852 615
853 606
850 607
853 616
845 615
850 616
856 610
1068 604
1072 594
1066 602
1076 604

Slide #41
1075 608
1070 610
1072 608
1068 608
874 573
822 570
830 578
827 564
830 570
834 565
830 571
765 438
765 432
760 426
760 430
762 432
764 429
768 430
763 428
762 426
762 428
766 426
768 428
836 408
1014 389
1016 381
1010 388
1022 380
1016 380
1050 389
1208 398
1220 394
1216 404
1215 399
1211 398
1216 401
1218 396
1220 397
1212 359
1210 366
1215 362
1212 364
1190 396
1181 460
1169 472
1168 471
1174 467
1180 460
1169 494
1170 494
1172 502
1172 498
1170 498
1171 495
1178 503
976 447
763 417
760 420
757 420
759 418
764 418
762 420
767 412
770 420
726 630
715 646
709 645
716 635
716 634
712 640
722 637
712 636
708 630
720 636
700 670
702 655
699 666
698 666
700 668
697 670
702 660
704 660
703 662
708 664
707 666
701 660
704 662
704 658
702 670
702 670
698 666
697 668
695 662
698 670
698 662
702 673
