
Slide #1
1096 550
1103 555
1093 550
1103 557
1098 560
1104 556
1098 557
1062 530
675 276
531 261
552 266
550 281
542 278
554 280
552 280
812 401
983 468
955 477
952 472
950 467
943 478
948 465
944 470
956 470
936 472
941 488
948 463
945 470
928 472
925 470
959 476
962 468
954 474
941 482
946 488
942 472
950 458
945 478
956 464
935 490
935 488
938 472
941 470
945 467
956 465
944 474
952 472
960 455
946 479
953 464
949 469
957 470
902 454
892 455
890 438
896 444
899 453
906 450
886 429
904 424
886 448
890 442
886 448
883 452
898 429
894 440
901 426
901 438
899 422
897 424
901 423
897 433
905 428
874 430
868 428
865 430
880 430
875 423
880 434
886 501
890 403
884 389
888 394
886 407
878 404
883 408
875 427
886 406
890 397
850 394
498 228
296 204
314 212
318 206
328 207
330 194
328 187
331 195
322 192
324 192
336 203
832 272
1276 327
1352 372
1321 389
1344 350
1328 349
1113 484
1318 352
1319 372
1580 732
1635 844
1636 846
1635 860
1628 851
1621 861
1068 640
922 542
949 554
966 556
960 558
960 570
784 689
856 548
860 457
862 442
854 450
856 450
863 440
864 454
858 454
552 588
190 756
202 776
217 799
228 790
237 816
247 815
230 804
234 806
604 640
1187 407
1166 412
1167 420
1080 442
1092 422
1105 435
1416 762
1868 888
1828 956
1905 976
1828 952
1833 995
1808 965
1801 963
1517 798
955 648
921 478
944 436
950 451
960 458
961 460
966 470
967 464
960 466
971 475
978 468
978 451
972 443
974 438
974 444

Slide #2
976 442
978 446
976 452
980 444
976 454
990 444
993 440
977 455
974 452
970 454
973 454
980 446
974 439
968 442
928 413
856 368
846 364
864 367
862 368
857 372
856 366
857 365
853 370
864 386
862 374
859 367
938 407
1007 436
1004 434
997 429
992 428
952 587
945 650
950 644
952 646
953 651
943 650
1243 467
1342 442
1328 447
1326 444
1330 451
1326 456
1322 450
1326 458
1322 452
1326 458
1322 450
1325 449
1327 464
1322 450
1244 502
1172 604
1176 607
1178 592
1185 598
1186 600
1188 596
1184 599
1187 600
1253 709
1252 714
1250 715
1246 712
862 386
810 357
824 366
820 366
830 376
825 366
608 290
618 290
631 310
615 305
624 321
622 324
618 310
620 310
627 314
644 604
603 580

Slide #3
654 696
690 702
686 692
678 692
687 690
710 716
754 772
740 775
742 778
744 778
744 786
770 766
913 513
893 526
888 534
898 522
897 500
898 504
878 516
876 541
817 484
711 427
720 444
716 446
716 442
722 440
722 449
723 447
722 455
718 454
722 450
983 424
1021 406
1020 395
1014 410
1020 396
1014 388
1013 406
1018 378
1010 407
1018 402
1012 409
1024 396
1016 392
1104 420
1267 502
1252 499
1249 496
1248 497
1242 502
1238 502
1246 497
1254 499
1242 505
1236 508
1250 494
1240 506
1237 499
1239 502
1242 503
1242 511
1242 504
886 508
706 504
720 506
733 516
739 509
744 508
735 516
749 509
744 504
756 506
738 516
732 509
693 466
693 469
698 461
700 468
712 470
706 468
707 460
700 482
700 468
700 466
708 470
696 472
699 477
940 630

Slide #4
950 666
936 662
939 658
940 656
930 658
928 655
932 658
935 658
931 659
932 659
929 662
930 655
930 660
927 658
926 657
930 652
1001 682
989 687
990 694
993 700
990 698
990 699
990 698
992 692
994 702
991 694
994 694
1054 703
1308 654
1296 661
1302 658
1292 664
1288 672
1286 664
1281 660
1287 657
1280 665
1281 674
1252 741
1258 746
1250 744
1244 748
1250 752
1255 746
1254 738
1259 735
1257 744
1255 744
1256 775
1244 821
1252 828
1256 822
1248 829
1258 817
1254 822
1256 819
1252 816
1258 816
1256 818
1251 820
1247 826
1254 816
1376 868
1381 868
1370 872
1375 871
1368 877
1376 870
1376 866
1168 852
664 784
610 780
620 774
629 782
634 783
636 789
636 788
636 792
637 786
635 786
592 774
509 736
516 738
510 738
507 738
516 740
514 730
517 744
586 714
654 703

Slide #5
651 694
648 694
649 696
650 702
643 697
644 702
635 695
651 698
635 706
646 705
754 491
816 423
806 436
800 434
800 434
802 438
802 440
798 438
806 434
801 440
930 436
1022 436
1012 428
1007 438
1010 441
1004 430
1008 432
1005 429
1020 426
1073 326
1074 323
1068 327
1072 330
1066 335
1070 334
1065 336
1139 329
1232 322
1227 328
1226 318
1223 322
1228 328
1214 324
1232 314
1217 330
1093 568
1090 610
1082 625
1094 608
1092 616
1096 609
1099 598
1098 602
1100 584
1095 592
1068 622
994 641
996 644
1003 635
1004 636
1011 636
1022 626
1018 630
1024 621
1026 627
1020 625
1033 628
1030 622
1032 638
1032 628
1030 628
1039 616
878 663
744 690
744 698
762 704
754 698
753 700
756 694
754 690
761 700
695 720
666 715
666 730
666 723
674 732
669 725
672 731
677 730
680 728
677 736
678 730
672 731
672 731
684 732
680 730
680 728
680 731
674 732
682 728
678 730
678 734
674 730
676 734
674 734
681 722
682 737
681 731
680 734
836 526
872 420
870 425
866 425
867 428
862 428
716 380
675 370
672 374
684 376
680 380
672 378
670 384
672 377
675 383
668 332
662 333
670 338
656 343
666 346
665 332
658 327
668 328
662 334
660 322
658 334
662 338
825 340
1030 326
1021 322
1018 326
1008 335
976 342
725 320
726 332
726 341
740 325
729 323
737 326
728 328
730 335
736 350
724 506
719 514
727 518
728 508
724 509
728 505
726 498
728 502
786 520
941 593
944 587
940 580
938 583
938 584
936 593
940 578
938 593
932 582
854 528
848 528
854 530
847 534
847 536
850 542
852 523
870 528
1132 618
1134 615
1118 614
1130 602
1122 610
1128 614
1118 614
1121 606
1122 604
1108 621
1122 611
1126 620
1146 638
1158 620
1158 626
1138 642
1144 635
1048 708
1054 719
1058 712
1052 715
1052 716
1051 718
1050 712
1060 707
1062 708
1052 704
1048 718
1050 711
1053 710
1050 714
1055 708
1051 710
1060 704
1063 712
885 568
854 544
858 554
860 557
868 543
872 547
868 552
868 554
845 536
840 544
842 540
852 523
842 551
848 544
836 548
846 526
844 540
845 534
845 559
844 540
850 546
844 549
844 544
795 503
756 461
748 464
748 466
748 454
746 476
750 461
712 448
706 453
713 462
712 452
712 462
703 459
714 450
708 452
708 456
722 456
958 434
956 427
956 419
957 422
957 424
953 422
948 434
961 368
970 361
962 377
972 355
966 372
942 345
942 317
944 300
940 314
942 300
940 320
946 306
942 319
940 320
1045 318
1122 340

Slide #6
1191 410
1202 425
1192 411
1189 402
1117 413
969 427
971 432
986 418
978 432
981 434
981 428
981 426
967 432
888 504
902 498
898 508
894 498
891 492
898 494
900 498
898 502
850 528
842 535
845 533
848 534
848 528
839 540
813 524
802 532
804 528
802 528
804 528
803 525
800 534
801 524
802 524
804 526
774 468
761 444
770 456
773 460
770 461
774 458
772 455
772 462
866 352
898 288
898 286
897 290
894 292
890 294
894 283
894 291
894 295
898 290
895 302
851 364
858 358
868 410
864 362
850 370
868 360
860 364
796 435
775 460
774 465
783 460
780 456
784 458
782 457
778 452
780 459
806 428
807 422
806 411
806 428
812 412
810 410
802 406
812 419
808 419
832 414
930 480
938 382
944 371
942 372
934 366
928 382
942 362
942 362
936 375
934 380
929 372
1216 456
1270 460
1258 464
1260 467
1261 469
1258 470
1262 465
1274 551
1187 809
1198 784
1188 804
1199 775
1194 783
1199 777
1202 772
1203 766
1200 770
1194 778
1192 776
1194 774
1194 774
1190 779
1024 720
999 722
1005 725
1014 722
1015 727
1014 722
1020 730
1012 724
1014 723
1019 720
1023 724
1020 722
1012 716
1020 720
1022 722
994 966
981 860
1004 805
1000 805
998 804
996 799
994 790
988 802
1334 1004
1358 870
1356 862
1350 854
1350 853
1350 852
1343 846
1344 860
1346 844
1354 846
1356 842
1354 846
1195 674
1169 628
1178 627
1166 635
1168 654
1175 635
1179 620
1173 632
1168 637
1291 438
1304 344
1295 346
1294 363
1302 350
1302 362
1303 356
1383 176
1400 168
1400 187
1399 180
1386 176
1393 174
1394 176
1388 212
1122 336
1138 202
1140 190
1150 193
1144 198
1154 204
1334 174
1332 168
1331 170
1327 175
1335 177
1339 172
1324 174
1332 178
1332 180
1324 170
1336 178
1308 184
1272 258
1275 252
1276 266
1276 258
1279 250
1278 266
1278 264
1238 252
878 262
866 260
866 250
869 264
866 256
814 272
594 342
596 346
586 342
598 316
594 323
598 325
595 315
560 236
525 142
533 138
536 168
536 182
532 181
531 144
531 172
532 176
478 135
467 162
465 144
468 158
466 135
459 172
463 144
466 132
468 143
524 411
606 265
593 268
594 240
588 236
590 243
588 238
600 230
600 230
599 231
595 244
582 284
549 440
544 444
548 435
548 438
544 448
544 428
542 448
546 436
552 440
552 432
544 437
550 434
551 440
558 441
686 522

Slide #7
686 532
692 528
685 529
686 536
684 535
686 531
686 526
698 578
719 780
746 708
754 592
756 582
754 572
754 576
754 570
756 566
630 669
592 699
588 692
596 695
592 689
593 690
603 682
603 695
586 686
597 691
600 688
598 752
570 898
622 858
589 826
600 776
592 750
585 720
592 732
544 742
546 734
540 722
543 732
544 732
545 730
550 726
546 728
564 720
596 724
601 714
600 718
598 716
598 725
606 720
597 719
596 712
643 712
638 711
640 715
643 717
638 724
644 718
640 716
691 702
756 684
766 682
766 678
788 682
760 672
762 680
754 682
751 672
754 668
756 684
740 692
792 690
1018 706
1019 714
1029 702
1020 703
1016 708
1017 708
1026 716
1372 602

Slide #8
1376 601
1378 604
1376 612
1381 612
1378 602
1376 610
1370 604
1376 606
1374 603
1376 610
1316 570
1171 414
1178 429
1179 429
1185 424
1182 421
1179 418
1290 344
1319 310
1320 318
1318 327
1314 316
1308 314
1310 315
1312 313
1310 317
1307 315
1305 324
1310 325
1296 248
1297 242
1300 237
1296 236
1292 242
1292 241
1292 246
1294 244
1288 236
1294 240
1234 230
1054 228
1043 219
1046 229
1043 210
1046 236
1041 226
1042 231
1044 220
1040 212
1038 211
1042 211
1046 214
1045 218
1128 229
1408 244
1402 252
1398 263
1406 249
1396 250
1396 243
1405 247
1405 246
1423 249
1417 249
1403 260
1412 238
1409 246
1410 269
1410 250
1404 268
1404 250
1298 213
1261 196
1258 197
1256 198
1256 208
1244 204
906 190
910 200
915 202
916 204
918 196
916 198
918 198
928 215
620 248

Slide #9
616 250
634 219
621 244
635 219
628 244
636 250
634 245
639 249
634 232
763 340
1011 618
1002 611
993 612
991 602
995 580
982 602
956 520
919 443
919 460
925 456
930 461
928 461
917 465
918 467
870 582
874 582
874 581
876 579
875 581
872 573
874 576
878 574
872 576
879 566
878 570
878 574
870 581
876 568
850 578
848 578
852 581
854 581
854 586
911 589
1259 582
1258 558
1253 552
1251 556
1248 568
1252 566
1256 551
1250 556
1256 558
1258 554
1250 564
1244 569
1247 566
1173 476
1150 456
1151 476
1154 468
859 594
1168 452
1162 448
1178 446
1436 435
1431 427
1408 441
1418 444
1420 441
1418 442
1415 446
1418 440
1064 494
836 491
853 494
856 497
850 494

Slide #10
857 491
863 487
914 534
911 542
907 538
912 542
902 542
910 540
906 534
907 532
881 497
855 370
855 384
867 392
861 392
869 393
863 401
864 397
869 398
870 401
869 408
858 422
850 438
854 438
861 438
850 444
858 446
850 452
938 641
1028 504
1018 420
1030 431
1021 424
1023 429
1028 424
1022 422
1028 427
1028 428
1116 467
1120 465
1060 612
1071 610
1071 604
1060 574
956 280
952 291
954 290
953 294
953 288
965 282
964 284
965 284
962 292
963 292
966 288
959 281
964 288
962 290
920 345
869 395
871 386
878 390
870 380
873 382
872 385
878 379
872 390
906 397
1176 366
1165 360
1160 355
1156 358
1154 356
1158 358
1168 346
1168 350
1169 340

Slide #11
1173 356
1171 356
1172 350
1172 352
1166 356
1174 351
1167 352
1164 348
1166 346
859 520
846 519
858 520
860 512
863 510
770 488
681 454
694 460
692 452
692 450
697 454
699 458
694 459
698 456
700 452
784 663
790 672
784 667
785 678
781 670
781 676
778 668
782 674
786 672
962 734
988 734
982 738
980 742
983 750
980 744
981 742
974 742
980 746
973 742
888 739
882 734
886 740
887 743
889 742
890 734
893 732
722 702
690 691
694 692
692 704
698 694
698 688
699 688
712 700
697 696
698 703
786 681
1203 604
1228 601
1216 601
1212 600
1212 602
1213 608
1208 604
1214 608
1215 602
1208 606
1210 616
1210 605
1132 508
1102 452
1102 449
1104 458
1100 451
1097 448
1104 458
1110 457
1109 459
992 306
955 280
964 286
968 288
969 284
970 288
966 293

Slide #12
960 297
962 291
1036 308
1274 336
1262 334
1263 336
1256 342
1252 336
1248 339
1252 346
1249 330
1242 342
1067 474
1064 490
1070 484
1068 484
1070 472
1077 480
1070 480
1065 482
840 502
785 506
796 518
800 517
801 508
802 510
805 508
808 512
664 606
649 611
652 612
662 608
656 608
658 603
654 611
656 607
662 611
660 608
654 604
662 608
652 624
642 628
643 632
652 634
655 628
649 628
648 628
644 626
1052 578
1123 559
1112 564
1108 567
1102 568
1098 568
1096 572
1094 570
1204 662
1227 693
1230 686
1222 688
1212 683
1217 684
1226 682
1215 683
1166 734
1168 730
1171 734
1170 728
1193 734
1390 727
1400 737
1398 733
1392 734
1390 732
1394 732
1390 728
1394 610
1367 579
1375 584
1370 582
1369 585
1373 592
1366 581
1370 583
1375 590
1372 595

Slide #13
1372 587
1374 586
1372 582
1374 584
1298 580
994 552
996 554
1008 559
1012 560
1018 560
1018 556
1015 558
1014 556
1016 566
1038 600
1043 606
1041 605
1038 608
1042 604
1036 604
1050 611
1044 610
1043 606
1046 611
1046 606
1060 614
1067 607
1060 609
1069 612
1068 618
1066 608
1066 618
1084 680
1090 678
1086 674
1086 680
1092 680
1084 688
1299 589
1325 579
1316 580
1316 586
1314 584
1314 589
1310 584
1317 590
1312 592
1318 589
1308 587
1306 584
1345 599
1386 607
1388 606
1386 598
1390 596
1388 604
1386 598
1394 607
1390 606
1394 607
1384 598
1384 603
1391 607
1388 610
1262 582
1253 584
1250 580
1256 580
1256 582
1255 590
1252 584
1257 580
1252 580
1258 581
1255 573
1262 580
1226 566
1172 532
1171 536
1172 529
1170 524
1176 526
1172 524
1172 525
1176 522
1180 530
1179 526

Slide #14
1226 550
1241 572
1246 568
1245 568
1248 576
1238 562
1240 566
1248 574
1249 572
1230 573
919 530
906 532
908 534
910 534
918 532
914 531
912 533
912 540
1007 444
1008 438
1011 440
1007 439
1006 438
1010 444
1011 432
1010 436
988 657
996 658
1008 448
1006 390
1006 388
1006 385
1002 386
1006 388
993 380
1008 386
1003 392
1002 408
970 490
972 498
970 490
975 502
976 500
973 499
974 502
977 498
975 494
838 542
752 560
746 563
753 555
746 558
743 557
748 558
756 560
754 560
753 558
757 568
754 560
751 556
749 554
980 568
1122 574
1122 578
1117 572
1118 574
1112 570
1114 572
1113 574
1127 580
1290 548
1294 554
1289 548
1294 553
1296 540
1285 544
1294 551
1289 541
1292 550
1290 548
1290 544
1291 552
1054 514
994 496

Slide #15
1001 493
1000 490
1012 500
1006 502
1010 506
1004 496
1010 493
1009 501
1008 504
1008 511
870 509
862 512
868 514
866 512
867 513
806 563
736 631
744 641
735 636
738 641
749 643
746 632
738 628
739 622
744 634
748 630
735 634
737 624
742 633
680 669
599 722
609 728
588 708
596 716
593 710
662 628
664 626
666 626
668 628
664 618
663 626
665 653
605 961
620 809
620 770
632 682
633 674
626 664
628 654
638 664
574 686
564 717
570 718
566 720
569 724
572 722
565 714
565 711
571 712
567 714
566 713
569 716
570 714
570 710
570 714
572 708
719 694
1042 667
1045 672
1040 666
1040 647
1030 670
1029 664
1036 664
1036 668
1028 560
1014 492
1019 487
1020 507
1026 489
1012 490
1013 497
1014 505

Slide #16
1013 491
898 476
908 402
899 460
902 458
905 470
919 416
904 479
908 460
802 652
802 674
804 681
1002 772
967 701
984 590
976 603
953 846
1017 546
1024 533
1024 536
1034 516
1034 526
1027 528
991 538
989 538
992 530
990 536
978 554
986 531
992 531
987 538
982 554
980 554
982 552
982 560
984 534
880 544
652 540
654 537
658 542
659 546
656 542
664 546
657 537
658 544
657 548
658 538
664 558
970 540
1021 532
1032 504
1019 514
1018 521
1008 530
1027 504
1016 500
1024 532
1282 533
1282 532
1270 536
1276 534
1258 554
1273 532
1272 527
1272 533
1249 552
1272 535
1243 567
1304 553
1314 546

Slide #17
1318 540
1303 546
1240 328
1248 310
1258 314
1258 308
1243 330
1248 328
1178 324
902 400
899 430
912 408
909 398
919 397
922 396
926 398
926 402
946 428
1086 557
1074 556
1075 547
1084 528
1088 528
715 502
561 479
573 490
578 500
577 499
556 487
504 438
512 438
514 442
506 440
518 444
512 458
514 440
514 448
510 430
507 444
514 444
549 443
669 460
668 453
658 458
666 464
660 453
664 464
661 488
736 336
722 280
725 270
728 279
734 270
738 278
726 273
932 360
1201 566
1188 544
1170 566
1178 548
1180 539
1170 560
1169 558
1176 537
1162 550
1158 562
1141 567
778 654
801 652
807 648
811 644
810 648
808 648

Slide #18
812 651
842 637
1319 540
1340 539
1325 536
1323 535
1328 528
1327 528
1326 526
1324 530
1317 528
1322 539
984 472
939 462
952 464
946 474
952 453
950 475
952 476
888 455
562 388
586 396
591 406
593 406
594 409
586 406
588 407
595 414
538 451
548 451
546 446
542 443
542 435
544 437
540 436
453 320
422 238
424 250
420 260
422 258
424 254
422 265
427 261
432 254
430 250
432 259
431 254
405 310
418 329
416 328
409 336
411 324
414 326
411 325
414 322
415 408
475 734
469 750
474 744
470 738
468 745
472 733
472 740
473 727
476 732
473 734
571 686
573 680
570 681
573 686
565 682
567 682
566 678
564 688
572 689
746 642
820 622
808 630
814 634
813 632
812 630
803 642
806 634
948 587
951 588
951 578
955 588
946 586
942 584
946 591
877 585
854 600
866 584
858 590
862 590
862 590
866 594
862 596
866 596
869 602
865 596
873 588
924 560
938 552
932 558
944 544
942 550
930 552
930 560
936 554
937 555
934 546
1166 616
1342 709
1336 708
1336 704
1330 689
1333 692
1336 688
1329 696
1322 698
1328 692
1333 691
1330 698
1326 690
1328 698
1324 696
1338 692
1174 690
1164 699
1167 696
1163 696
1166 693
1172 696
1168 709
1170 690
1105 670
1094 668
1093 674
1096 674
1090 668
1097 677
1093 684
1032 528
982 462
988 464
996 472
994 471
994 471
996 468
990 475
990 458
938 348
936 357
942 362
944 362
950 356
948 360
936 365
851 322
846 323
847 324
851 330
854 310
850 323
851 314
858 328
854 330
854 328
854 320
852 318
848 314
852 304
853 306
846 296
852 292
852 302
847 294
854 296
856 285
858 290
859 296
852 298
861 297
699 263
697 276
700 248
700 266
694 268
696 266
653 244
646 231
643 242
643 238
646 226
649 240
920 222
1276 244
1278 224
1260 243
1260 236
1250 242
1256 250
1264 229
1252 252
1266 250
1314 286
1300 302
1301 303
1302 303
1300 302
1323 286
1390 356
1397 368
1399 377
1392 377
1394 375
1400 378
1395 385
1457 383
1492 389
1476 388
1471 385
1478 390
1484 389
1490 389
1480 387
1472 396
1495 398
1505 396
1503 398
1506 398
1510 388
1510 382
1516 390
1511 390
1510 390
1418 365
1068 263
1060 262
1068 270
1066 268
1069 264
1072 264
1076 266
1080 270
1070 266
1171 240
1216 276
1196 234
1194 230
1190 224
1194 222
1196 225
1197 234
1199 238
1260 242
1253 244
1253 238
1266 242
1258 239
1254 236
1256 236
1240 462
1202 786
1202 792
1208 784
1217 776
1215 772
1210 774
1214 773
1212 764
1212 764
1216 768
1116 684
1079 651
1081 663
1086 668
1088 667
1090 666
1088 670
1162 705
1170 708
1168 713
1166 713
1228 744
1224 741
1221 738
1218 734

Slide #19
1222 738
1224 746
1220 736
1216 722
1219 714
1222 710
1220 716
1218 718
1224 724
1224 718
1220 724
1018 594
810 474
830 488
832 484
838 490
844 484
839 489
842 491
848 490
839 490
838 484
894 348
894 286
892 282
892 289
888 283
889 284
894 286
891 292
738 284
737 288
745 295
740 292
741 294
748 285
676 470
323 730
609 616
608 494
600 486
594 490
604 484
600 478
596 487
600 478
638 588
638 606
634 590
648 592
646 596
687 766
708 848
706 858
710 848
700 852
704 852
707 843
711 850
696 852
708 853
680 899
649 925
652 924
654 916
654 918
654 918
1052 916
1372 928
1354 928
1350 925
1342 928
1338 931
1342 930
1378 916
1376 918
1375 915
1370 916
1368 916
1365 924
1368 924
1370 924
1371 928

Slide #20
1372 920
1366 922
1375 916
1376 915
1382 906
1386 918
1040 516
900 383
918 387
916 396
929 387
927 382
798 568
808 571
809 557
808 560
810 556
816 554
810 562
804 554
810 550
810 557
835 560
845 562
841 564
844 561
840 565
845 564
845 566
846 568
850 574
848 569
842 572
902 552
1114 398
1090 416
1097 417
1091 405
1094 412
1095 408
1096 404
1088 412
1088 406
1082 429
1096 410
1162 404
1213 382
1208 370
1220 374
1205 387
1210 390
1215 371
978 330
654 281
673 288
680 288
684 298
684 279
678 292
684 293
686 292
690 290
682 296
688 289
692 290
689 289
692 228
692 232
692 234
694 232
698 218
719 234
1066 254
1062 256
1058 264
1064 244
1069 244
1054 259
1168 367
1172 380
1177 378
1176 382

Slide #21
1164 390
1122 408
1046 436
1047 446
1053 444
1060 446
1056 444
1058 450
1054 447
1052 452
1054 442
926 392
911 390
916 392
915 401
918 404
922 386
918 392
916 390
946 344
987 227
978 246
971 254
982 241
981 250
998 259
996 262
997 260
991 248
999 242
993 246
1132 282
1656 422
1658 435
1632 430
1621 448
1618 438
1610 446
1611 443
1606 444
1612 442
1606 446
1606 438
1606 446
1606 444
1606 446
1602 450
1404 402
1084 320
1082 346
1086 350
1087 341
1088 344
1086 346
1088 340
988 254
995 266
998 262
998 261
930 394
940 406
936 404
940 400
936 402
934 401
936 397
848 416
609 457
611 446
600 450
602 451
607 440
578 446
570 448

Slide #22
572 447
577 447
580 454
566 446
572 456
578 446
959 417
1220 404
1196 392
1199 394
1189 416
1190 398
1189 402
1182 402
1006 468
914 508
926 504
926 508
923 509
930 510
927 512
968 498
1356 523
1338 524
1326 526
1328 520
1328 523
1322 528
1220 564
1234 570
1244 566
1244 553
1236 568
1234 566
1235 564
1238 564
1229 568
1234 566
1410 454
1417 444
1412 457
1410 454
1420 458
1414 456
1418 464
1412 458
1415 454
1414 456
1422 466
1410 468
1414 456
1252 484
1224 482
1236 482
1227 480
1233 472
1230 487
1236 478
1234 486
1237 485
1238 486
1232 485
958 442
904 436
910 434
922 438
912 429
926 434
925 438
930 444
930 440
922 446
923 442
924 438
926 438
946 440
1226 414
1222 414
1212 412
1206 418
1212 402
1212 406
1215 416
1212 419

Slide #23
1238 391
1234 390
1230 394
1234 395
1232 386
1441 426
1446 445
1436 441
1432 442
1134 432
1081 428
1092 424
1094 435
1090 426
1092 432
1092 426
1090 427
1088 426
986 460
939 486
940 474
946 489
948 484
950 488
948 482
955 481
949 479
952 478
1071 390
1062 389
1069 392
1064 390
1066 392
1066 396
1065 396
1059 392
1066 398
1070 392
1066 394
1058 386
1062 390
1138 362
1170 332
1164 340
1164 337
1163 341
1156 340
1162 337
1164 338
1162 336
1167 343
1162 332
1160 342
1168 337
1169 354
1172 356
1169 359
1169 360
1168 352
1036 431
869 646
880 651
884 651
891 646
884 644
892 652
893 642
892 642
870 686
876 682
876 680
878 691
875 675
876 684
883 684
872 681
865 482
861 474
866 485
862 481
867 483
866 494
872 491
869 482
865 486
866 493
872 492
862 482
849 481
1170 550
1252 569
1240 556
1232 566
1230 568
1227 564
1228 555
1230 568
1230 564
1228 568
1226 567
1247 632
1244 630
1242 623
1242 624
1240 629
1241 635
1249 636
1244 630
1201 624
777 574
724 569
738 567
740 576
744 573
736 568
748 568
745 569
746 565
744 568
746 572
742 576
702 520
709 527
708 528
704 524
706 517
709 524
712 526
714 525
761 389
755 378
751 376
760 383
750 375
762 387
762 390
763 385
679 376
676 386
682 386
676 385
680 382
680 378
681 381
676 378
681 376
687 378
682 376
680 379
678 376
685 302
685 310
687 298
684 304
700 313
910 378
905 379
908 375
912 377
908 374
906 376
904 370
900 372
909 372
855 428
850 431
851 425
857 428
854 436
857 433
846 421
860 419
869 401
874 409
872 410
870 414
864 397
868 404
868 394
868 406
874 402
874 404
818 586
838 437
843 410
838 401
833 404
830 405
836 410
834 398
839 404
946 680
1157 740
1176 474
1182 447
1181 444
1182 448
1181 451
1182 448
1182 444
1172 438
1060 430
1044 426
1034 428
1044 419
1043 413
1040 424
1039 415
1050 428
1050 426
1044 430
1050 430
1046 423
1040 434
1042 429
1044 426
1040 428
1041 432
902 550
876 573
885 575
896 572
888 570
892 574
894 574
890 568
892 566
900 572
901 562
902 578
754 914
910 784
926 604
934 496
936 488
930 490
934 488
938 482
938 484
1068 572
1179 678
1172 688
1174 691
1164 674
1168 680
1164 678
1170 680
1172 685
1168 680
1056 695
995 689
997 688
1008 690
1002 672
1002 686
1005 687
1004 681
1138 710
1136 715
1135 714
1138 716
1134 711
1135 720
1134 711
1132 712
1114 714
830 718
819 714
822 713
834 718
832 704
840 714
830 708
834 707

Slide #24
970 700
1014 696
1012 706
1014 706
1016 696
1018 689
1010 696
1006 702
1006 700
1006 702
1001 702
921 505
928 494
933 500
928 506
930 507
932 504
934 506
930 499
934 513
982 474
990 478
988 476
984 472
992 474
984 462
820 428
820 430
820 434
816 426
817 428
824 428
818 427
824 424
780 426
776 422
780 423
782 427
788 434
788 425
792 426
706 382
706 383
711 381
708 384
704 376
722 390
822 426
818 434
818 432
820 435
825 432
856 445
856 444
853 440
854 436
852 446
853 443
852 448
951 446
1238 446
1234 448
1229 444
1232 448
1228 448
1225 440
1230 442
1223 450
1218 449
1220 448
1260 398
1255 380
1251 386
1260 384
1256 386
1253 384
1252 386
1254 384
1260 394
1257 392
1258 392
1002 346
972 342
978 351
979 348
980 344
985 344
984 344
986 355
975 364
812 698
816 704
817 703
818 702
826 696
810 686
816 690
806 704
728 709
734 710
734 712
726 702
718 696
732 706
732 698
732 704
728 702
729 703
736 702
1088 719
1216 735
1202 744
1200 738
1198 734
1192 735
1198 729
1190 738
1193 746
1192 746
1164 814
1060 1036
1039 788
1026 673
1036 688
1034 668
1032 681
1020 672
1026 677
1024 669
1030 680
984 597
982 572
982 562
979 568
986 574
982 571
983 574
988 575
940 504
937 454
942 466
932 465
940 462
938 461
938 458
942 464
942 464
945 460
946 463
948 462
946 460
944 470
948 474
918 836
974 794
998 614
1012 519
1006 524
1017 525
1012 520
1006 511
1009 523
1006 516
1006 518
1002 516
1003 509
980 472
980 466
973 463
970 462
972 467
980 473
980 456
936 372
908 346
910 345
918 540
1092 454
1100 380
1105 369
1106 366
1109 370
1116 371
1112 380
1120 378
1116 370
1116 366
1117 377
1112 370
1136 344
1138 345
1147 342
1147 343
1146 348
1142 346
1252 298
1241 296
1234 278
1234 278
1239 284
1226 283
1236 286
1234 288
1228 288
880 476
850 492
864 503
866 486
859 479
866 481
874 492
871 486
862 480
864 489
864 496
854 478
866 489
806 442
794 402
800 414
806 421
802 403
798 401
804 410
804 420
806 419
810 412
806 404
804 412
808 416
807 408
806 406
807 404
806 418
802 414
800 406
806 416
807 450
932 705
936 483
938 450
939 449
932 456
934 446
936 448
942 458
944 462
938 445
936 452
1172 450
1200 457
1193 436
1195 447
1186 442
1184 448
1182 446

Slide #25
1192 448
1188 438
1186 438
1184 446
1181 452
1178 448
1182 439
1184 433
1182 436
1188 439
1070 526
1002 577
1004 580
1004 588
1001 596
1004 600
750 506
662 494
666 492
674 497
676 499
673 493
673 504
673 488
669 486
669 492
675 494
670 498
742 502
796 498
794 500
796 493
798 498
798 500
794 492
793 494
796 498
1010 680
1132 887
1247 600
1287 451
1284 454
1291 461
1282 462
1288 458
1286 461
1306 474
1352 518
1352 514
1344 516
1346 512
1347 519
1345 507
1346 512
1340 514
1338 512
1342 511
1348 508
1344 503
1346 499
1335 515
1344 507
1350 500
1346 503
1341 499
1071 621
1054 632
1060 634
1055 620
1055 624
1058 626
1061 620
1062 625
1056 626
1054 566
1055 555
1054 558
1062 560

Slide #26
1064 569
1061 567
1056 562
1059 565
1060 569
1056 576
1064 562
1055 562
1060 570
849 510
822 486
818 486
826 490
824 488
822 470
821 477
820 486
764 378
758 384
760 373
761 378
766 378
758 378
758 386
693 317
684 316
680 320
686 318
686 310
684 309
684 318
688 318
798 328
1098 357
1086 363
1084 357
1082 364
1087 364
1072 366
1086 362
1078 357
1085 361
1160 344
1156 332
1156 334
1158 340
1156 340
1156 340
1160 334
1134 353
784 662
767 680
782 676
782 668
784 660
787 669
790 672
792 644
864 489
850 480
848 492
846 490
850 481
844 496
846 494
866 530
940 672
940 674
937 673
941 662
942 670
944 666
944 678
972 672
992 672
993 677
985 676
1028 948
1034 696
1035 647
1040 653
1040 653
1048 635
1055 618
1049 612
1048 618
1048 616
1044 620
1108 612
1264 502
1256 500
1253 504
1254 502
1249 501
1254 512
1258 503
1256 510
1256 506
1248 499
1248 498
1252 497
1248 498
1274 618
1250 752
1243 748
1244 758
1240 750
1242 754
1242 750
1239 752
1242 747
1058 1018
889 799
860 656
863 589
858 584
860 581
860 582
856 584
863 572
984 442
984 437
973 444
979 444
974 440
976 444
977 446
976 452
978 446
975 449
979 454
924 404
886 374
876 362
891 370
886 368
874 362
888 370
834 366
789 352
778 344
793 347
796 356
790 345
794 341
806 316
814 316
813 323
810 310
831 328
1132 418
1130 434
1127 432
1126 432
1124 428
1122 432
1116 424
1116 431
1118 425
1030 418
960 417
965 402
982 413
976 419
978 418
971 416
966 414
972 412
962 584
950 965
968 762
1012 452
1016 433
1020 430
1012 414
1017 422
1014 412
1018 408
1022 420
1020 416
1024 422
1018 402
1026 426
1022 414
1257 545
1260 558
1253 532
1254 516
1224 519
1236 513
1247 506
1242 514
1066 458
1042 465
1074 446
1085 446
362 176
1029 412
929 381
946 437
922 407
936 420
934 418
938 421
932 419
936 440
924 432
917 423
914 444
932 439
943 433
978 422

Slide #27
933 446
942 450
937 444
936 443
933 442
940 443
963 454
934 434
942 442
938 446
936 442
807 632
812 668
806 664
802 672
800 682
782 655
743 510
720 520
717 512
726 525
720 518
724 522
724 530
722 532
710 456
700 375
718 360
724 371
708 384
704 384
709 382
706 388
710 368
988 336
1136 321
1132 318
1110 353
1114 348
1112 324
1138 327
1152 331
1106 289
1112 292
1126 350
1088 398
1086 410
1094 408
1092 408
1096 402
1164 453
1172 466
1175 439
1174 435
1182 446
1176 458
1175 461
1113 507
1118 498
1116 503
1113 506
1106 501
1114 503
1126 495
936 560
858 566
846 656
814 720
818 562
818 544
816 548
829 534
834 526
828 520
932 602
1124 712
1114 718
1122 712
1116 703
1117 710
1122 706
1200 718
1058 722
1186 722
1195 728
1191 716
1190 716
1277 714
1125 876
1173 726
1157 746
1170 705
1170 696
1166 714
1164 720
1175 700
1169 710
872 674
1174 715
1177 702
1028 653
1014 648
1021 648
1025 646
1024 640
1036 641
1032 646
1038 640
1043 640
1033 643
1037 636
1020 640
1016 616
926 528
926 552
942 540
927 539
915 551
930 537
922 550
936 534
943 541
948 521
1096 586
1094 587
1104 584
1097 584
1091 580
1091 580
1090 584
1092 586
1103 584
1091 588
1098 580
1088 594
1109 1069
988 552
996 542
998 542
995 536
998 532
1000 536
1000 544
998 542
1088 526
1098 524
1090 522
1092 522
1106 486
1103 498
1084 521
1085 528
1080 520
1108 437
1108 408
1110 414
1105 422
1100 424
1098 430
1186 348
897 432
1209 261
1244 276
1244 278
898 408
1248 284
928 416
1250 270
1092 282
886 302
878 308
892 307
712 458
892 302
885 310
873 350
977 955
991 692
978 442
976 432
984 406
988 418
986 404
992 410
991 414
996 416
994 420
992 417
992 432
678 470
1166 462
1116 460
1122 463
1128 452
1124 460
1125 460
1104 437
1102 426
1102 418
1094 434
1094 419
768 415
778 416
794 415
796 416
781 418
782 427
804 404
794 412
801 405
822 423

Slide #28
1080 418
1109 405
1070 422
1061 424
1065 426
1062 426
1070 421
1068 417
1062 422
1072 416
1076 414
1063 426
870 364
851 356
856 363
854 332
858 360
854 365
692 424
618 443
618 442
622 448
640 413
627 428
638 414
642 418
636 424
907 299
952 190
931 292
944 267
928 268
922 271
922 260
657 479
918 260
1097 152
776 346
1034 140
1047 116
967 294
1304 137
1308 130
1249 138
1248 142
1254 124
1251 133
1252 146
1240 122
1250 136
1248 148
1292 341
1246 674
1237 646
1238 651
1238 654
1234 642
1244 640
1233 634
1242 642
1234 644
1238 644
1134 618
1116 589
1111 598
1121 608
1118 597
1123 606
1124 596
1120 596
900 623

Slide #29
748 623
754 618
762 620
765 626
764 612
762 612
774 614
1123 442
1102 446
1096 443
1097 450
1080 411
1080 417
1076 413
1074 404
1081 422
1078 402
1076 410
1080 414
1080 407
1076 408
1080 407
1016 426
851 431
855 440
861 434
856 428
860 424
862 437
858 438
866 440
583 454
520 452
523 474
531 474
537 448
540 448
1024 505
1130 553
1124 552
1108 565
1111 556
1114 552
1105 558
1118 552
1105 559
1100 572
1090 587
1094 602
1096 590
1101 586
1096 580
1102 579
1103 584
1104 572
1108 576
1106 580
1184 522
1326 370
1302 374
1310 394
1306 390
1308 386
1312 390
1313 396
1134 533
1074 592
1091 594
1096 598
1094 591
1102 594
1088 586
1091 584
1098 599
1088 588
1092 582
1104 564

Slide #30
1102 568
1100 556
1095 568
1098 566
1102 557
1096 550
1096 560
1106 572
1098 558
1032 534
792 400
800 399
809 414
806 412
814 420
818 424
811 438
817 426
813 426
814 428
816 430
824 448
884 575
881 570
880 566
874 554
882 569
871 558
870 556
867 562
878 564
875 566
882 572
873 556
877 567
874 564
796 654
660 766
663 762
664 754
666 758
672 768
674 762
677 767
674 752
671 755
678 762
677 762
897 832
906 833
900 840
892 836
891 826
912 830
1294 801
1340 790
1326 796
1324 794
1330 794
1328 792
1328 800
1325 792
1329 793
1318 692
1314 489
1314 501
1319 505
1318 514
1316 506
1316 514
1320 516
1319 512
1294 494
1018 386
1018 382
1026 390
1024 392
1037 394
1036 394
1034 394
1038 395
988 344
881 208
890 212
890 206
896 209
896 208
886 210
892 214
890 215
890 221
896 229
890 226
900 224
900 229
1014 346
1010 353
1016 354
1010 356
1011 350
1013 345
1014 346
1009 344
1008 345
1010 345
1022 359
1159 450
1160 466
1159 461
1158 464
1154 452
1162 458
1162 448
1160 461
1163 454
1123 454
1038 474
1036 470
1042 472
1041 479
1036 471
1404 323
1438 310
1421 327
1446 318
1431 316
1423 323
1430 331
1430 336
1413 246
1410 242
1414 242
1417 254
1396 270
1414 263
1406 247
1406 250
1406 254
1335 270
1012 388
864 311
890 334
886 324
890 330
899 344
886 322
891 320
894 332
892 336
898 320
896 322
897 328
888 324
896 328
818 413
798 488
791 470
790 468
794 476
793 466
792 461
799 476
798 468
652 524
562 568
549 552
542 576
550 562
547 568
390 615
464 558
902 504
876 502
870 496
855 492
860 499
854 513
859 507
838 505
588 450
612 429
610 466
614 458
620 442
612 448
947 364
1008 326
1000 363
1005 333
992 348
1010 335
1002 344
998 342
998 346
998 369
986 368
990 364
1080 344
1040 477
1050 488
1067 465
1285 350
1287 334
1281 358
1211 403
1055 530
1070 515
1065 535
1074 521
1076 520
1068 520
1076 522
1068 530
1077 526
1071 534
1074 534
1096 564
1090 562
1114 577
1108 581
1111 578
1111 578
1108 574
1112 578
1109 575
1104 592
1112 592
1114 588
1108 587
1108 591
1112 584
862 536
612 531
619 533
634 537
633 540
642 536
643 537
641 536
641 531
642 542
644 540
640 540
734 634
750 644
744 646
747 645
745 648
754 642
748 654
741 650
742 654
750 648
744 656
744 645
746 642
745 646

Slide #31
624 577
630 580
628 574
630 582
634 580
629 581
641 575
632 578
628 582
636 573
633 579
630 578
632 578
875 544
1041 542
1041 536
1040 533
1030 538
1028 536
1028 535
1030 542
1022 538
1177 688
1179 764
1178 753
1180 746
1177 747
1170 754
1174 751
1170 759
1142 752
612 772
562 797
574 790
576 790
586 787
580 780
650 780
650 788
652 788
645 784
644 790
650 794
542 820
546 825
546 822
546 826
550 842
544 823
542 822
534 828
544 820
512 822
526 830
522 828
532 829
526 832
531 832
520 822
522 824
530 828
538 747
538 743
532 752
532 744
530 744
614 741
671 751
673 758
672 750
669 754
676 746
673 760
649 764
648 764
645 763
727 684
825 574
816 572
822 572
820 580
817 578
821 565
880 568

Slide #32
1060 550
1061 534
1060 533
1056 537
1064 532
1251 292
1258 265
1248 276
1259 267
1249 280
1104 403
1098 404
1098 416
1104 414
1092 432
1064 429
744 414
761 412
758 426
762 422
802 406
796 400
789 400
797 396
799 406
804 400
761 412
568 412
579 408
584 404
574 406
583 404
578 416
583 411
579 408
785 403
808 406
800 392
798 394
801 398
804 392
800 395
790 404
738 362
674 340
678 356
681 348
693 346
691 345
996 378
1380 418
1136 584
1368 426
1364 426
1364 428
1371 432
1368 436
1362 438
1358 430
1368 426
1374 432
1416 444
1412 450
1416 448
1422 450
1420 441
1413 447
1397 445
1033 460
1035 465
1050 464
1046 464
1050 467
1053 471
1050 470
1058 472
1050 468
1050 468
1053 470
898 454
896 456
904 452
902 453
904 456

Slide #33
903 461
902 456
905 472
945 618
948 621
946 616
948 622
943 617
944 610
938 616
938 610
936 610
938 618
940 620
880 510
876 500
878 497
881 500
878 508
876 512
880 502
871 500
880 499
888 498
1080 382
1078 367
1074 364
1078 370
1072 374
1072 370
1073 372
1135 247
1134 228
1134 237
1132 237
1130 233
1126 234
1132 233
1126 236
751 276
692 293
703 288
697 284
700 280
700 284
712 293
704 308
838 713
1026 472
1034 410
1031 407
1030 411
1026 402
1027 404
1026 410
1031 405
1029 409
1022 402
1032 416
1124 289
1114 279
1118 290
1124 300
1120 296
1116 294
1119 288
1121 317
1086 516
1082 514
1082 516
1078 509
1088 508
1075 514
1078 515
1079 508
1075 506
1024 518
965 524
967 522
978 516
968 522

Slide #34
977 512
972 526
944 518
698 458
694 469
712 468
707 467
696 461
704 466
703 462
706 468
715 470
786 436
910 362
906 366
897 372
906 370
904 382
899 378
903 379
898 378
903 380
898 380
898 379
900 387
967 612
962 600
961 604
962 599
960 604
958 591
960 590
958 594
960 594
958 590
958 591
1010 672
1058 760
1056 768
1060 758
1056 762
1054 748
1054 760
1058 756
1062 762
1050 754
1062 758
1056 758
1188 695
1244 626
1239 639
1230 644
1232 643
1232 634
1230 634
1230 646
1238 631
1236 642
1234 636
1230 631
1226 634
1234 640
1326 778
1324 782
1322 786
1324 780
1326 786
1324 791
1322 782
1330 778
1324 785
1396 834
1394 844
1392 840
1384 839
1389 837
1388 842
1387 843
1388 844
1238 416
1142 222
1152 246
1158 256
1157 254
1156 254
1158 258
1159 258
1158 258
1162 258
1163 255
1165 261
952 243
786 240
804 245
806 244
810 248
810 249
818 252
812 253
658 325
576 388
586 391
582 398
584 397
586 391
576 398
580 390
583 388
585 389
582 391
580 386
554 346
518 262
515 263
518 266
528 266
520 263
522 268
531 272
524 264
526 260
528 268
530 265
527 268
554 290
792 556
786 574
788 567
782 572
778 562
782 558
774 562
770 565
777 567
780 574
776 568
753 588
538 700
542 709
538 708
546 710
542 710
549 709
540 708
542 712
553 708
592 804
600 810
598 814
594 814
601 813
602 812
592 802
599 804
597 802
600 810
601 802
596 813
658 788
1136 639
1441 524
1410 528
1420 534
1416 528
1415 534
1414 541
1412 540
1412 538
1414 540
1411 530
1360 490
1321 450
1334 452
1334 460
1330 464
1334 458
1336 459
1328 453
1324 466
1194 430
1195 440
1198 434
1194 436
1198 437
1145 435
797 408
800 401
808 413
808 405
812 410
814 405
811 406
818 414
808 404
808 410
820 412
806 413
821 412
813 406
812 406
822 406
688 298
672 282
672 283
672 288
674 288
678 291
676 288
670 290
674 288
674 284
676 290
688 322
684 336
690 338
682 338
684 337
686 336
589 156
582 135
590 140
599 154
594 150
594 144
614 162
620 148
622 145
618 167
616 151
1010 192
1158 208
1146 220
1140 220
1137 214
1144 212
1139 210
1136 218
1140 212
873 193
558 164
576 162
582 166
580 178
582 180
582 182
581 178
551 178
560 168
560 165
557 164
555 166
558 140
556 164
566 141
557 178
562 148
557 171
559 163
568 150
617 400
611 420
608 412
600 414
610 420
612 407
666 407
1020 450
1022 450
1020 430
1010 436
1012 441
1008 443
1016 436
1016 434
1016 428
1138 564
1152 604
1158 600

Slide #35
1206 611
1198 607
1202 608
1191 612
1201 607
1190 616
1198 614
1208 604
1197 620
990 549
890 527
893 529
892 536
906 532
901 539
902 538
898 533
876 494
850 386
845 378
856 386
848 390
848 385
852 383
848 380
856 378
857 386
852 383
854 383
855 394
731 818
947 970
860 656
842 579
842 572
850 564
848 568
846 564
850 571
844 573
896 636
894 647
896 644
898 648
904 646
898 648
898 669
889 727
898 724
898 718
892 719
897 712
894 726
896 718
900 722
890 716
902 716
1238 670
1274 646
1272 654
1263 656
1272 660
1260 660
1257 676
1262 660
1262 660
1258 666
1259 666
1260 662
1257 661
1264 662
1270 664
1268 662
1274 658
1271 650
1216 672
1138 704
1151 700
1159 686
1154 694
1150 704
1156 694
1166 688
1198 716
1204 726

Slide #36
1201 722
1206 724
1202 729
1205 720
1204 716
1202 736
1210 724
1203 728
1206 733
1166 694
964 588
962 592
974 568
976 574
974 576
978 571
964 595
755 474
744 476
752 478
752 482
754 476
752 470
756 475
720 462
676 440
679 436
676 437
678 436
680 427
679 426
676 438
682 452
607 412
550 372
544 390
552 393
556 396
552 378
632 323
652 320
646 315
648 324
650 320
649 330
822 356
871 368
862 392
868 376
862 389
864 367
854 389
864 390
870 369
877 373
912 400
910 406
914 419
914 418
1004 406
1072 426
1070 422
1070 422
1069 423
1067 432
1068 429
1068 412
1068 418
1067 418
1062 418
1074 410
1195 378
1282 391
1278 398
1281 392
1001 482
1286 397
1287 402

Slide #37
1286 400
1283 396
999 549
1256 409
1209 402
1210 402
1219 392
1210 399
1216 393
1006 492
879 572
882 567
878 572
875 568
884 576
876 572
876 572
877 570
889 574
886 582
888 574
817 533
798 524
810 529
806 529
802 528
818 516
806 530
812 525
1264 552
1399 572
1381 572
1388 598
1378 590
1383 598
1380 585
1380 594
1374 594
1434 582
1433 584
1426 583
1434 580
1434 584
1438 574
1438 584
1438 588
1470 587
1466 586
1466 580
1465 577
1464 585
1464 584
1061 566
1024 561
1032 564
1036 562
1040 563
1042 565
1042 570
1040 567
1044 580
1040 566
1040 568
1045 571
828 536
826 530
826 528
826 541
830 526
826 544
834 530
829 532
832 538
620 546
580 556
564 541
579 540
573 536
574 544
658 545

Slide #38
1171 520
1183 516
1178 516
1182 532
1170 524
1178 512
1170 514
1180 517
1179 517
1164 527
1171 533
818 405
728 379
730 380
726 392
725 402
730 388
730 388
731 403
730 390
736 392
722 392
731 396
730 392
734 396
1014 356
1294 324
1280 342
1282 328
1264 340
1264 340
1262 343
1126 427
1100 452
1106 455
1108 457
1104 458
1110 448
1114 455
1108 468
1126 461
1118 464
1123 458
1124 450
1150 445
1160 442
1149 452
1166 441
1168 438
1148 436
678 386
566 363
578 354
582 364
590 364
594 354
588 360
600 354
594 350
594 352
589 360
598 360
698 352
846 318
842 316
832 342
834 334
838 330
832 340
832 339
1150 330
1211 332
1189 340
1197 330
1214 320
1206 320
1193 336
1208 329
1180 402

Slide #39
1044 580
1044 584
1051 575
1054 590
1010 578
734 598
740 604
742 600
748 602
747 600
750 602
866 528
942 458
930 460
922 464
920 461
923 463
914 468
912 478
921 462
887 394
877 363
875 384
876 381
883 366
881 368
879 366
950 370
1170 346
1158 356
1142 374
1157 347
1154 354
1145 357
1157 354
1160 350
1156 358
1154 358
1114 404
1044 467
1045 476
1046 472
1052 474
1057 456
1052 464
1056 467
968 504
823 518
825 518
824 518
826 516
828 527
829 524
834 520
831 518
993 601
1150 700
1132 702
1131 694
1124 700
1123 694
1124 692
1122 696
1125 695
1126 694
1130 688
1124 692
1090 609
1096 601
1096 600
1102 590
1092 618
1098 612
1101 602
1110 602
1094 612
1052 590
992 578
992 589
990 583
984 587
988 586
994 590
990 589
992 584
996 594
995 588
756 582
735 581
736 576
743 580
744 580
742 590
744 586
744 584
773 490
818 394
818 396
812 398
812 396
816 398
819 397
816 402
813 402
820 398
814 402
816 396
814 406
808 406
844 367
846 333
852 322
850 316
846 320
846 324
847 323
846 330
897 332
1109 396
1116 394
1105 392
1106 398
1097 403
1106 398
1102 409
1105 398
1100 406
974 404
826 402
826 410
834 400
830 408
837 409
832 404
832 404
837 406
832 402
835 413
835 405
844 412
922 497
935 502
932 502
928 508
930 512
930 506
929 507
926 506
942 514
949 586
956 596
958 586
947 592
950 590
947 600
934 610
852 694
850 696
850 692
852 695
850 694
851 699
851 694
850 691
853 688
854 690
1096 687
1140 682
1140 680
1138 679
1133 678
1136 682
1136 684
1137 676
1135 681
1156 696
1200 732
1206 730
1206 729
1200 720
1194 744
1196 733
1208 722
1196 736
949 678
666 668
674 667
679 669
678 669
684 669
684 668
680 671
691 667
688 668
685 666
806 702
808 709
798 705
795 702
796 712
802 708
803 708
800 710
806 710
799 708
1046 620
1068 590
1062 596
1063 592
1061 590
1062 596
1066 595
1063 586
1056 598
1124 593
1213 593
1208 581
1223 570
1222 579
1218 576
1212 585
1218 578
1174 544
822 387
858 220
848 410
703 521
716 528
708 520
712 519
714 508
711 520
715 520
812 504
1135 430
1134 414
1126 413
1126 426
1122 409
1124 415
1123 414
1123 422
1156 325
1172 308
1162 308
1170 312
1160 308
1164 311
1164 316
1158 315
1250 390
1256 394
1256 394
1251 394
1240 400
1246 402
1260 374
1256 396
1270 357
1262 258
1258 280
1270 267
1264 272
1256 281
1267 273

Slide #40
1264 274
1259 294
1275 268
806 344
800 356
817 346
820 352
806 346
812 346
807 354
810 348
817 350
814 366
820 354
896 414
993 522
975 538
982 518
980 514
977 520
978 524
1013 502
1060 422
1053 444
1046 444
1053 422
1107 514
1236 737
1234 734
1229 731
1230 734
1232 730
1230 730
1236 730
1332 784
1322 790
1312 790
1315 786
1322 782
1326 777
1317 790
1364 660
1359 485
1374 498
1375 500
1382 507
1374 510
1377 509
1386 264
1376 259
1379 262
1375 266
1374 261
1377 270
1370 266
1368 264
1348 186
1344 184
1348 182
1345 177
1346 173
1338 180
1347 182
1342 177
1348 190
1152 194
968 200
970 202
978 206
984 204
980 192
980 194
980 198
982 200
977 195
962 218
914 282
914 285
907 273

Slide #41
915 277
909 280
902 274
848 166
841 158
841 156
849 160
842 160
843 155
856 266
853 586
852 586
862 588
851 569
861 573
865 572
915 601
993 622
988 626
980 619
983 618
982 626
982 632
832 1076
916 825
894 730
889 700
894 696
898 694
900 702
898 702
878 711
790 730
798 732
803 732
807 729
803 734
811 735
801 734
802 728
804 733
812 733
978 598
1010 574
1006 582
1010 576
1011 580
1002 577
1002 566
1007 572
1004 576
1006 576
1006 573
1040 460
1034 452
1032 456
1031 462
1031 464
1032 459
1032 464
912 363
908 362
906 370
912 366
914 362
904 361
914 363
912 362
904 366
908 373
720 286
660 270
670 273
678 262
672 253
678 262
674 279
673 270
674 276
744 290
1010 334
1006 326
1000 340
1005 324
