
Slide #1
1101 510
1086 522
1092 517
1095 514
1092 523
1090 516
1086 516
1091 496
1098 507
1092 518
1092 492
1082 516
1092 502
1090 511
1086 512
848 405
822 398
837 417
828 410
826 404
832 422
804 279
820 280
812 278
804 290
600 271
524 262
510 262
533 246
518 262
526 268
506 276
524 264
682 288
882 328
888 334
893 316
891 346
887 331
896 325
899 348
892 326
902 321
903 319
899 334
1060 392
1073 404
1089 432
1088 426
1100 410
1106 416
1090 422
1100 410
1092 412
1090 431
910 404
917 364
925 352
916 360
930 390
920 368
917 384
915 382
913 340
918 392
926 350
923 374
854 378
702 345
724 380
725 384
711 336
718 365
717 366
723 382
708 356
696 382
814 344
1002 340
1028 329
1042 321
1062 336
1052 338
1060 355
1052 333
1046 326
1056 356
934 280
932 286
936 296
936 300
1006 279
1122 279
1120 284
1096 292
1112 262
1111 269
1124 270
1113 280
1112 263
1120 276
724 238
714 279
719 277
722 272
716 268
552 256
444 244
424 236
416 242
426 250
414 244
425 253
418 254
429 258
416 244
426 246
676 324
864 368
918 391
914 395
924 379
926 384
932 374
936 396
936 382
933 386
1024 458
1032 376
1010 384
1018 401
1037 374
1038 388
1031 385
550 336
550 348
553 348
544 338
548 338
475 348
190 341

Slide #2
1006 389
1006 378
992 390
997 374
1000 382
992 382
883 452
774 520
789 502
786 492
790 511
784 521
773 515
776 506
776 524
787 514
791 522
770 514
792 494
782 527
794 510
980 567
1060 602
1062 588
1058 612
1056 608
1073 566
1075 590
1072 580
1078 579
1052 602
1073 556
1068 604
1118 665
1204 794
1196 799
1178 826
1196 790
1193 790
1195 794
1174 822
1185 830
1196 791
1196 814
1192 796
1191 792
1192 814
1004 708
736 698
752 720
768 678
732 734
744 706
748 692
729 697
742 696
744 678
662 720
670 698
655 729
670 748
672 756
692 810
685 774
673 747
694 760
682 772
683 770
674 743
663 798
676 811
683 768
656 746
633 715
675 740
680 767
676 788
669 770
683 774
673 783
684 750
682 764
690 788
674 812
686 752
687 770
654 719

Slide #3
676 770
808 732
1090 710
1194 798
1184 768
1192 761
1178 809
1180 786
1176 788
1209 755
1223 741
1196 767
1186 766
1184 786
1146 692
1150 708
1166 672
1142 704
1152 688
1146 646
1006 487
893 440
878 417
921 434
894 393
891 434
890 451
892 440
896 422
878 430
895 447
886 420
884 440
898 446
876 435
845 450
824 450
836 448
840 456
831 478
844 457
829 468
884 486
897 472
885 441
901 488
888 450
900 473
908 446
891 474
978 434
980 420
978 410
1005 412
982 432
978 428
994 440
979 420
1000 383
1000 400
998 408
1004 422
998 424
984 414
1003 406
1010 406
1002 452
1002 434
1002 416
1009 432
822 458
724 496
723 510
726 486
734 505
718 494
736 507
734 504
724 476
738 476
722 508
722 510
722 484
730 500
738 506
746 510
755 510
756 522
748 541
752 518
761 523
642 590
584 684
588 718
561 658
562 720
584 686
557 671
582 721
592 662
577 721
579 696
626 646
606 619
604 664
615 682
606 678
610 653
617 654
577 666
576 735
546 652
564 642
566 672
542 647
634 648
642 616
632 610
648 626
648 594
652 616
646 631
636 625
660 648
652 628
650 626
660 610
644 606
643 692
633 626
606 600
586 604
578 586
583 629
624 624
767 634
770 622
758 624
754 659
754 622
756 654
756 652
752 656
770 681
765 626
756 642
724 641
736 634
724 636
737 638
728 633
736 620
721 654
764 654
984 682
1025 716
1006 703
1026 743
1030 696
1010 738
1023 675
1043 686
1030 680
1034 684
1071 720
1254 742
1296 745
1324 733
1310 728
1326 732
1288 742
1324 717
1304 711
1312 708
1322 705
1300 718
1319 730
1326 714
1413 712
1452 765
1453 690
1467 703
1456 710
1466 696
1448 704
1461 694
1464 712
1468 694
1470 698
1456 704
1520 681
1458 694
1458 715
1466 697
1492 714
1496 727
1472 726
1484 702
1464 620
1448 546
1439 552
1450 565
1456 547
1459 546
1452 554
1430 558
1447 570
1434 515
1436 541
1453 530
1455 512
1444 524
1448 520
1421 520
1412 533
1408 530
1416 540
1450 450
1444 410
1448 424
1450 409
1446 409
1461 414
1460 424
1446 416
1446 417
1452 403
1441 424
1452 401
1448 410
1442 418
1444 420
1454 426
1452 430
1370 394
1366 392
1374 414
1360 420
1366 405
1360 412
1360 408
1350 402
1346 418
1361 404
1408 364
1400 351
1404 355
1402 357
1401 331
1397 340
1410 350
1394 350
1376 362
1362 404
1353 398
1358 410
1366 418
1354 419
1351 391
1348 426
1349 478
1352 444
1356 450
1343 444
1354 442
1356 446
1360 450
1346 448
1352 454
1348 454
1355 446
1349 454
1350 426
1361 424
1358 404
1352 400
1354 409
1070 375
832 358
576 368
549 354
556 320
525 352
546 332
543 312
511 334
544 346
534 344
550 328
544 321
554 342
546 334
478 316
465 316
466 323
464 326
452 315
450 316
466 314
456 324
444 321
436 316
439 330
437 324
450 324
470 393
546 346
544 340
540 346
543 347
556 360
550 344
548 351
546 354
549 328
546 350
555 360
544 340
504 462
426 591
444 634
460 646
456 647
468 662
444 660
432 645

Slide #4
438 650
430 638
402 650
412 642
416 662
440 670
402 658
408 659
422 636
416 664
394 654
682 556
820 544
814 548
807 537
814 551
822 543
810 548
825 542
829 538
836 532
834 532
829 540
977 568
1036 590
1033 608
1038 586
1054 582
1038 602
1018 611
1027 589
1020 598
1034 606
1010 622
1032 678
984 574
960 620
970 588
952 614
766 508
762 494
770 490
754 484
756 483
748 472
742 473
742 468
760 480
747 480
757 486
756 497
757 490
732 466
738 450
745 468
749 464
748 472
734 459
750 464
724 474
728 496
736 450
741 447
728 449
726 452
724 458
711 447
806 409
942 380
918 379
940 376
930 384
930 360
937 382
924 394
942 368
948 384
944 387

Slide #5
1013 597
1014 572
1028 568
1020 534
1030 557
1013 580
1014 565
1018 574
1056 503
1027 514
1028 503
1042 510
991 475
765 380
766 425
760 416
767 426
764 385
776 420
748 408
756 411
780 396
758 406
741 414
769 406
758 532
760 590
771 608
762 562
782 563
760 582
758 575
761 580
755 596
760 618
752 584
769 610
762 634
742 589
732 616
740 618
752 626
1128 493
1143 580
1145 548
1138 579
1126 574
1130 552
1124 562
1143 524
1116 562
1100 527
1100 552
1096 520
1085 538
1096 552
952 558
754 612
739 586
746 605
747 605
744 597
746 570
736 595
740 589
736 606
750 592
735 618
756 594
1042 648
1119 724
1150 690
1132 691
1140 700
1126 715
1124 721
1162 680
1155 695
1159 698
1144 711
1198 648
1205 632
1224 600
1205 599
1204 616
1212 596
1310 512
1336 502
1324 500
1327 488
1337 506
1328 489

Slide #6
1332 485
1299 392
1260 387
1282 401
1277 393
1287 372
1270 404
1278 396
1266 381
1270 397
1279 388
1282 395
1151 412
1060 408
1051 388
1044 418
1056 394
1030 470
1000 439
1004 482
989 466
996 464
1000 448
994 470
954 494
925 492
932 498
923 514
938 510
930 505
928 498
928 512
960 500
962 508
939 512
950 510
954 511
957 498
964 522
834 462
820 457
812 462
814 459
818 454
817 458
812 448
796 457
820 450
804 445
804 447
803 447
825 431
813 457
814 459
806 441
804 450
806 450
816 430
814 470
822 434
816 435
808 453
822 458
806 461
806 449
826 460
822 450
816 464
816 440
816 444
808 456
804 446
812 430
712 414
706 402
715 398
693 398
704 401
693 419
702 400
686 414
695 409
702 394
700 406
711 383
696 422
697 396
668 446
664 415
690 414
695 415
672 426
695 419
686 416
688 414
729 538
723 634
720 597
732 608
722 644
736 631
736 613
728 609
724 597
732 602
716 636
744 601
734 624
754 552
754 574
740 578
756 560
760 589
748 554
752 568
768 579
756 586
752 554
752 542
756 546
752 536
750 537
772 532
737 548
754 550
772 554
746 557
752 545
752 556
760 555
738 528
738 526
734 546
738 546
732 553
734 552
732 556
740 548
742 540
736 544
748 550
720 535
914 582
1016 636
1011 634
994 652
1006 645
999 644
1011 662
1010 636
1006 648
1012 658
1000 644
966 645
972 648
980 634
968 650
982 634
952 652
970 647
983 640
980 634
978 634
990 666
1176 686
1201 673
1201 670
1182 696
1185 693
1212 665
1192 692
1214 648
1210 658
1202 681
1195 660
1200 670
1208 660
1234 654
1234 652
1244 628
1235 637
1228 658
1222 640
1227 634
1249 630
1242 628
1224 642
1258 537
1247 438
1242 449
1248 443
1250 434
1242 434
1250 449
1250 454
1264 406
1262 400
1263 415
1262 427
1270 398
1276 406
1246 412
1264 410
1264 398
1262 456
1267 444
1273 404
1276 419
1269 400
1259 421
1277 404
1263 409
1274 426
1266 422
1274 438
1274 444
1270 404
1266 344
1264 414
1278 416
1260 370
1256 376
1231 350
1246 371
1252 364
1237 381
1240 380
1234 375
1170 348
1170 354
1172 372
1158 362
1164 367
1164 360
1170 387
1172 374
1156 362
1160 370
1244 386
1229 386
1240 384
1231 390
1232 392
1242 395
1240 402
1240 401
1256 365
1245 373
1250 335
1249 378
1248 387
1228 362
1234 364
1244 374
1249 372
1252 374
1246 368
1238 370
1238 366
1251 360
1260 376
1246 378
1240 374
1246 359
1231 438
1204 420
1206 410
1212 414
1220 410
1210 403
1203 372
1208 408
1206 392
1208 397
1211 402
1212 405
1211 399
1214 402
1206 402
1177 418
1177 404
1185 417
1206 394
1177 391
1182 397
1170 404
1183 384
1205 529
1098 450
1083 466
1102 460
1098 462
1090 461
1088 440
1088 456
1090 450
1092 452
1091 451
1098 456
1083 440
1084 464
993 504
954 528
939 512
954 517

Slide #7
948 510
954 518
956 534
950 511
962 510
962 514
958 515
971 518
961 528
946 482
960 517
952 513
958 535
882 542
740 586
760 578
752 589
752 563
754 584
766 611
747 568
739 574
738 575
708 620
721 597
720 616
737 596
714 586
728 620
722 612
712 608
735 596
728 606
722 620
722 607
718 614
724 614
618 692
631 692
639 735
650 724
624 732
666 734
634 760
642 681
614 714
632 738
616 737
632 738
630 747
798 740
1054 800
1211 819
1221 788
1216 798
1209 808
1214 779
1218 789
1224 772
1224 786
1214 794
1233 784
1226 800
1204 804
1222 777
1243 754
1206 748
1194 780
1182 782
1204 746
1195 748
1190 772
1230 762
1391 774
1413 770
1436 700
1424 744
1418 742
1430 722
1431 735
1444 710
1415 780
1424 726
1421 717
1424 717
1427 421
1414 410
1416 417
1399 424

Slide #8
1184 411
1046 462
1052 438
1046 457
1042 428
1051 430
1045 480
1028 440
1040 438
1042 456
1047 458
1044 462
1043 462
977 578
972 573
964 585
958 580
970 583
962 590
968 596
1002 572
1013 579
1026 586
1027 586
1024 584
1020 582
1018 621
1020 584
1020 585
1028 578
1024 588
1004 544
933 478
928 488
930 488
922 482
926 498
926 512
926 484
931 474
1042 438
1120 426
1123 422
1123 411
1118 428
1117 436
1132 426
1120 424
1113 418
1121 434
1112 424
1145 340
1137 320
1148 330
1150 328
1140 313
1142 320
1142 346
1146 346
1154 328
1130 332
948 274
923 278
930 284
914 277
918 282
922 274
532 298
528 416
540 351
552 358
552 360
536 358
541 358
541 350
530 368
586 350
575 348
588 339
565 348
579 343
574 345
558 340
584 354
572 358
570 352
710 396
846 441
846 437
850 443
848 426
858 439
863 445
848 437
865 442
852 432
858 440
785 452

Slide #9
638 504
654 469
654 486
642 508
643 508
646 490
652 476
644 492
639 487
784 544
934 600
934 597
930 580
944 582
950 592
950 582
947 592
998 546
1052 528
1049 526
1038 530
1039 528
1062 538
1099 469
1090 478
1109 456
1095 478
1103 478
1100 474
1105 473
1125 448
1111 462
1106 480
1101 458
1102 470
1095 477
1101 480
1114 470
1116 468
1052 426
1034 353
1026 392
1018 390
1024 376
1012 371
1018 371
1021 384
1091 337
1178 314
1178 292
1170 311
1173 300
1172 314
1178 312
1181 324
1181 320
1183 310
1163 318
1175 312
1160 329
1170 314
1170 307
1163 308
1231 428
1226 434
1244 419
1210 418
1228 434
1208 410
1220 429
1224 422
1218 412
1227 376
1256 284
1247 318
1250 298
1240 296
1245 302
1256 316
1244 318
1248 290
1258 298
1256 312
1245 306
1023 262
885 262
884 264

Slide #10
884 254
868 267
875 266
876 268
876 270
874 256
868 268
874 256
880 258
882 274
1080 354
1124 405
1139 399
1122 405
1135 430
1134 402
1142 418
952 514
896 622
884 606
894 619
893 636
882 634
882 630
882 644
890 638
898 639
897 615
950 645
1056 610
1048 626
1060 620
1039 616
1058 626
1050 631
1052 625
1040 623
1064 628
1052 617
1055 618
1093 620
1078 648
1085 643
1075 658
1077 658
1068 650
1067 622
1088 626
1060 650
1070 638
1074 688
1054 695
1074 666
1073 667
1072 641
1075 656
1076 647
1075 668
1089 648
1062 668
1053 652
1076 624
1074 650
1058 646
1075 643
1069 636
1070 644
1070 634
1068 678
1067 648
1064 642
1079 634
1072 640
1071 671
1124 634
1158 650
1172 624
1164 629
1168 618
1152 660
1172 620
1164 635
1155 656
1170 622
1166 649
1160 620
1164 634
1170 620
1171 606
1167 626
1152 657
1164 624
1170 616
1166 616
1152 638

Slide #11
1169 622
1168 625
1165 624
1166 644
1164 636
1160 630
1165 626
1162 624
1161 632
1152 626
1170 604
1170 614
1170 638
1147 656
1160 636
876 414
868 398
867 388
866 400
874 398
860 413
860 404
870 413
873 404
870 402
874 404
872 388
869 407
878 399
866 436
874 404
812 405
596 352
574 364
560 349
564 358
566 356
562 350
568 352
566 351
548 354
548 342
555 351
566 356
774 355
1034 407
1152 410
1144 394
1146 410
1136 409
1158 406
1141 424
1137 419
1142 403
1132 414
1138 422
1145 426
1143 426
1156 408
1133 407
1140 414
1142 423
1216 470
1282 657
1293 742
1286 754
1316 728
1294 738
1294 758
1301 739
1318 727
1304 753
1296 752
1304 750
1298 760
1312 738
1136 741
1078 706
1090 689
1070 764
1066 698
1058 730
1058 752
1066 714
1072 735
1070 724
1085 724
1084 714
1056 742
1072 740
1073 718
1085 706
1076 726
1080 720
1106 682
1177 570
1197 552

Slide #12
1191 560
1190 577
1191 566
1184 561
1188 561
1188 563
1291 498
1282 489
1290 516
1284 497
1296 493
1310 492
872 392
866 386
862 402
868 389
849 384
854 396
860 393
859 375
865 392
876 388
874 404
875 402
866 390
871 406
853 408
866 396
866 396
862 400
872 395
932 452
965 517
940 553
958 558
949 558
952 562
956 559
940 551
950 539
946 560
940 576
970 546
950 552
952 574
950 556
944 554
953 552
950 546
949 558
952 555
946 554
962 549
952 531
959 558
946 561
956 548
947 575
954 572
956 537
879 588
828 606
832 603
850 571
844 592
839 582
842 582
826 585
828 623
820 602
838 589
872 595
1086 605
1116 608
1120 616
1104 621
1116 588
1134 608
1118 621
1113 626
1128 624
1122 610
1074 576
1020 545
1004 542
1005 550

Slide #13
1007 539
1024 546
1018 542
1014 533
1020 560
1036 525
1022 532
1016 564
1021 532
1008 544
1016 538
1020 538
1010 544
1006 569
1022 542
1010 554
1016 556
1014 564
1002 562
1022 540
1006 542
1016 552
1016 542
1022 548
1028 545
1018 522
1009 550
1005 562
1018 550
1006 554
1023 561
1020 554
1107 508
1125 530
1104 536
1129 514
1109 542
1110 517
1102 516
848 452
726 411
727 397
722 409
728 416
728 416
718 429
732 422
730 432
724 416
738 421
741 388
746 360
750 370
756 364
748 357
745 356
740 352
746 372
752 358
736 348
743 364
738 354
745 361
751 363
754 342
732 362
564 433
554 475
548 466
538 477
554 458
544 464
544 488
548 482
550 468
558 478
688 484
692 476
702 477
705 492
696 477
703 480
692 477
696 476
1258 439
1224 513

Slide #14
1232 508
1226 508
1214 516
1224 515
1220 523
1132 504
1111 530
1122 524
1112 532
1125 518
1118 521
1134 532
1118 526
1126 526
1106 524
1115 530
1124 525
1010 512
926 516
950 512
926 503
933 514
928 504
922 522
928 514
914 524
910 570
909 557
898 588
908 552
899 555
882 580
896 573
893 574
901 568
900 540
902 561
896 578
904 570
1302 576
1290 590
1300 582
1300 580
1332 590
1440 513
1428 513
1423 536
1428 524
1438 522
1427 500
1423 526
1375 512
1176 504
1182 484
1178 488
1167 510
1179 494
1168 506
1176 497
1180 512
1183 498
1183 486
1158 497
914 459
772 474
574 512
416 503
198 488
928 508
906 520
910 534
921 526
911 528
920 513
929 528
920 520
913 516
926 500
916 516

Slide #15
895 571
893 572
886 584
895 588
893 605
886 582
894 575
877 580
904 577
882 572
886 592
896 589
880 582
891 596
885 588
885 595
879 589
744 513
674 474
690 482
682 472
678 486
694 476
672 491
680 452
682 470
680 458
679 456
676 442
676 462
673 450
670 504
685 438
690 420
678 456
650 472
542 544
558 577
556 568
560 562
560 582
562 577
546 572
564 617
546 620
556 602
545 604
554 602
524 623
539 598
711 626
889 616
874 603
876 608
880 630
877 624
885 608
905 585
886 598
895 604
886 606
893 601
922 645
1070 670
1056 660
1061 666
1063 678
1060 676
1080 657
1074 658
1066 644
1074 652
1058 664
1058 674
1066 642
1070 660
1056 660
1072 644
1063 670
1080 638
1059 649
1063 658
951 646
707 660
684 685
690 644
674 642
680 674
667 672
676 662
663 669
682 658
672 654
670 674
677 666
667 654

Slide #16
676 644
677 658
658 718
665 703
672 703
664 689
776 650
1026 620
1112 596
1122 596
1098 614
1106 631
1114 609
1311 655
1284 704
1247 494
1259 514
1260 506
1258 510
1252 494
1011 505
783 545
619 526
626 562
622 557
616 542
620 554
609 550
613 560
614 560
616 555
623 558
638 600
615 620
617 606
623 631
624 600
626 614
611 618
632 607
627 608
608 634
605 623
596 638
603 650
828 390
816 378
834 384
830 376
828 384
831 379
827 364
855 364
1032 348
1070 326
1071 351
1080 336
1068 354
1082 354
1088 342
1076 347
1085 358
1234 344
1310 342
1306 348
1310 354
1318 360
1321 352
1302 358
1312 362
1310 350
1305 352
1301 350
1308 342
1270 405
1200 442
1196 454
1202 458
1196 468
1192 456
1192 460
1202 463
1188 456
1196 454
1232 470
1380 554
1382 540
1384 540
1381 521
1368 535
1383 516
1374 520

Slide #17
1360 528
1381 513
1370 509
1374 528
1372 528
1368 518
1374 529
1364 536
1360 555
1360 544
1375 514
1166 568
1103 586
1092 587
1106 580
1095 585
1096 584
1092 588
1100 570
1112 572
1102 572
1118 584
1110 595
1112 591
1144 577
1134 590
1141 586
1130 580
1144 570
1146 588
1134 586
1140 588
1061 617
970 642
990 632
976 632
985 674
968 644
968 640
972 632
981 654
979 654
990 631
972 655
960 646
945 650
934 654
934 655
944 645
938 660
948 638
932 658
940 661
794 698
599 771
540 738
573 744
587 730
592 739
594 718
584 729
580 721
568 702
584 692
570 688
568 696
588 697
586 672
558 696
582 714
576 722
578 708
588 664
586 656
613 671
584 660
563 690
571 654
509 685
496 701
475 688
515 674
504 673
511 694
488 676
494 692
492 698
504 702
529 693
510 687
517 712
526 697
483 687
498 698
521 672
526 717
516 686
573 540
602 506
610 516
608 527
597 514
583 527
604 516
599 516
610 510
671 454
642 468
676 449
666 457
674 449
661 477
674 460
660 462
668 458
670 468
654 478
673 466
652 437
642 422
628 442
652 428
636 430
648 418
641 422
642 424
652 438
634 452
650 437
772 392
972 305
1071 344
1080 369
1080 354
1090 344
1078 350
1082 322
1081 355
1093 339
1079 334
1084 367
1092 336
1068 368
1092 350
1082 339
1087 334
1088 340
1082 312
1077 348
1086 332
1076 341
1075 344
1080 343
1080 348
1084 358
1081 324
1084 346
1063 346
1072 334
1080 343
1072 311
1069 340
1066 344
1067 358
1087 351
1078 342
1072 336
1080 329
1090 341
1068 350
1077 336
1100 346
1088 344
1084 354
1097 346
1076 344
1093 339
1074 336
1072 340
1074 338
1080 340
1090 390
1088 350
1081 346
1082 348
1088 352
1090 358
1080 349
1084 342
1079 351
1068 343
1078 345
1080 345
1078 334
1075 370
1073 341
1080 348
1072 338
1088 344
1074 320
1085 358
1083 348
1072 344
1078 350
1086 358
1076 346
1066 330
1086 350
1081 344
1085 330
1079 336
1084 349
1091 338
1082 346
1082 364
1070 355
1086 342
1084 360
1096 356
1096 327
1086 356
1092 340
1088 346
1092 342
1086 350
1082 357
1084 348
1086 344
1082 354
1086 354
1090 337
1072 364
1090 358
1269 398
1373 475
1383 472
1357 467
1374 457
1369 458
1362 456
1379 462
1362 464
1370 472
1374 456
1378 441
1363 464
1362 468
1354 476
1365 460
1359 465
1380 463
1362 484
1372 454
1366 466
1369 458
1376 462
1352 486
1375 637
1358 513
1358 521
1356 522
1345 531
1362 516
1364 532
1366 526
1359 507
1368 500
1354 534
1348 522
1359 532
1362 539
1372 520
1358 533
1347 542
1356 531
1362 524
1340 689
1342 704
1347 716
1342 718
1346 722
1332 726
1350 733
1342 738
1342 717
1334 732
1335 718
1332 735
1342 702
1330 714
1357 709
1346 730
1356 710
1360 699
1358 702
1373 717
1370 721
1345 736
1352 700
1350 719
1353 710
1342 730
1338 728
1342 734
1356 707
1344 732
1337 709
1343 721
1338 728
1338 732
1344 718
1370 691
1346 716
1346 720
1350 708
1362 726
1359 749
1338 724
1334 742
1341 728
1344 747
1346 736
1321 710
1122 600
1118 606
1115 580

Slide #18
1124 586
1122 595
1110 602
1134 588
1122 578
1113 577
1124 592
1116 570
1124 579
1112 583
1123 592
1130 572
1125 588
1122 584
1126 598
1129 582
1136 578
1117 582
1122 590
1114 580
1122 582
1112 600
1118 589
1111 601
1106 593
1120 584
1122 582
1114 590
1123 582
1109 595
1116 598
1116 530
1131 540
1126 545
1134 544
1116 553
1118 536
1128 551
1120 556
1124 536
1124 546
1126 546
1122 533
1126 556
1140 538
1134 563
1130 564
1126 548
1141 545
1200 544
1362 535
1369 546
1378 535
1378 530
1382 534
1376 526
1380 540
1398 542
1384 542
1382 546
1386 536
1389 538
1391 536
1387 540
1388 550
1370 560
1338 268
1301 328
1322 318
1312 310
1304 322
1308 331
1318 328
1320 319
1308 326
1309 310
1308 318
1314 326
1308 322
1325 314
1318 317
1306 308
1306 312
1314 316
1320 325
1324 330
1324 310
1323 328
1306 327
1320 326

Slide #19
1312 301
1311 324
1301 312
1306 328
1311 326
1306 332
1048 309
859 306
854 322
846 318
850 320
842 316
843 308
842 324
840 338
835 318
901 379
1108 531
1170 624
1162 630
1168 636
1170 618
1172 626
1178 616
1178 628
1172 632
1168 646
1163 628
1172 630
1181 636
1174 647
1166 652
1167 630
1174 629
1177 640
1167 628
1179 631
1168 638
1172 642
1167 643
1179 633
1167 639
768 667
774 686
782 694
770 676
766 677
761 672
768 670
766 674
763 680
772 655
776 676
780 649
774 678
756 682
774 676
764 656
766 670
780 674
770 668
767 650
772 670
780 660
758 657
774 668
774 656
767 658
786 696
769 666
764 664
750 669
778 670
770 669
766 668
776 686
764 674
772 658
770 664
772 666
774 669
767 684
776 664
764 668
762 652
780 660
765 657
776 674
774 681
766 658
765 668
772 664
780 660
766 664

Slide #20
758 660
772 666
772 658
768 642
773 668
780 665
770 648
780 657
775 678
782 670
778 649
776 659
770 649
781 661
776 666
770 665
776 662
880 480
874 510
865 474
866 504
862 500
876 467
857 468
864 480
874 491
870 472
884 486
872 497
863 486
874 493
870 490
876 502
869 488
862 481
876 488
856 490
866 484
865 512
862 485
872 502
862 498
870 480
866 490
864 498
866 500
863 466
870 471
879 488
864 490
874 497
872 480
874 498
870 480
865 494
868 494
857 480
862 480
856 478
864 473
874 480
872 498
866 485
856 470
850 496
862 510
860 482
876 495
864 488
872 471
858 486
870 478
848 476
862 472
860 474
870 493
869 487
860 453
872 461
860 474
866 467
858 482
870 479
862 474
868 476
859 474
874 484
864 484
866 470
856 476
866 480
865 470
876 473
873 476
866 491

Slide #21
851 438
853 448
858 440
873 451
862 452
868 454
867 458
864 438
883 452
881 461
868 450
862 457
865 462
864 450
870 457
880 435
858 448
868 461
867 459
866 450
868 450
859 450
856 504
855 502
862 514
831 524
822 506
865 524
864 500
842 487
868 486
854 496
854 498
850 505
857 488
849 502
850 504
856 479
864 488
854 499
845 499
870 494
850 494
844 506
862 500
853 500
857 522
858 482
866 508
853 512
849 502
966 471
985 472
984 498
986 490
984 491
984 488
980 472
990 462
991 480
986 497
980 472
974 492
992 481
980 495
986 470
980 461
986 487
984 476
1003 476
986 486
1004 462
982 458
1006 450
992 464
994 452
998 438
1002 455
1001 464
1001 452
994 460
984 454
1000 480
1132 596
1132 596
1122 590
1131 607
1146 586
1126 609
1128 603
1144 584
1132 592
1125 604
1108 596
1020 586
1038 594
1029 604
1044 574
1040 590
1032 591
1028 588
1044 570
1028 586
1034 582
1038 588
1162 580
1202 579
1187 574
1187 572
1190 584
1184 596
1206 558
1182 583
1236 570
1220 572
1213 590
1226 578
1234 564
1226 560
1224 579
1230 574
1234 578
1215 579
1220 596
1221 574
1214 580
1234 581
1161 434
1166 428
1166 410
1166 436
1166 424
1181 429
1182 421
1172 440
1172 420
1172 421
1178 454
1164 430
1178 436
1166 422
1122 358
1122 366
1123 369
1119 366
1124 372
1128 372
1128 357
1117 374
1114 379
1122 366
1127 348
1136 369
1130 376
819 462
846 414
840 428
836 426
844 409
852 412
837 411
842 432
840 426
834 424
838 432
835 412
847 419
839 396
920 434
924 444
934 434
934 450
940 432
928 448
920 436
942 420
923 442
928 452
936 428
932 440
928 456
931 438
940 448
952 452
951 454
950 454
954 448
948 452
952 442
954 446
952 440
932 448
950 447
942 448
946 478
947 482
945 462
942 474
924 474
944 456
1086 418
1134 398
1136 412
1148 401
1144 390
1144 402
1135 414
1146 390
1142 393
1146 394
1100 388
1114 402
1113 401
1114 401
1118 396
1117 397
1110 403
1144 387
1143 394
1154 398
1145 398
1142 388
1136 392
1142 394
1142 371
1138 366
1138 360
1150 369
1157 380
1149 368
1171 371
1168 364
1174 359
1158 350
1154 350
1164 350
1161 357
1160 354
1160 372
1164 358
1158 350
1160 356
1156 365
1166 348
1158 352
1166 358
1162 358
1165 351
1162 367
1160 358
1165 358
1164 352
714 356
721 368
713 368
724 365
722 387
726 373
720 382
720 372
732 368
730 372
742 404
760 397
771 415
746 423
762 398
764 416
766 399
756 396
772 404
766 402
772 371
766 402
838 436
833 466
840 465
832 462
848 452
852 464
850 476
838 450
844 464
838 447
838 466
828 445
829 466
665 539
678 552
686 570
672 548
678 564
680 550
682 549
680 568
659 568
682 568
676 569
673 561
666 553
688 562
670 558
698 574
744 558
732 552

Slide #22
757 544
772 549
766 553
756 556
757 540
760 528
758 555
756 555
763 544
761 544
754 536
864 520
947 516
956 513
946 529
954 538
1256 442
1258 464
1278 466
1262 456
1258 472
1254 464
1268 474
1270 465
1296 468
1378 480
1386 470
1382 460
1380 454
1384 471
1382 463
1378 460
1120 454
1003 474
1001 462
994 465
1006 480
996 466
1000 474
999 454
989 476
998 475
1215 462
1360 473
1366 466
1370 469
1366 449
1387 456
1383 483
1383 454
1384 479
1367 460
1388 461
1378 444
1386 445
1374 455
1366 462
1376 468
1374 472
1374 466
1373 464
1436 436
1442 435
1430 458
1422 456
1426 459
1434 450
1424 452
1434 454
1200 448
1052 482
1072 479
1055 480
1051 482
1040 467
1048 468
1042 474
1047 480
1019 486
1014 485
1022 471
1026 464
1015 483
1020 491
1022 468
1042 479
1020 498
1018 490
1035 472
1018 488
1040 465
890 488
661 484
580 510
594 467
582 484
570 486
576 483
596 484
584 454
590 468

Slide #23
610 454
612 458
620 445
609 466
606 462
673 442
700 426
710 438
709 438
710 430
698 432
712 430
712 426
710 443
708 418
714 430
710 426
706 434
724 430
711 432
705 422
708 430
652 448
631 456
639 464
637 438
638 448
636 461
630 453
634 472
658 456
1038 402
1062 414
1069 399
1060 388
1071 400
1069 410
1064 398
1076 415
1065 409
1072 409
1053 394
1018 387
1022 381
1022 375
1026 383
1026 382
1018 363
1024 356
1020 395
1026 383
1018 382
994 366
910 316
910 320
920 318
911 331
910 316
906 306
898 325
910 328
908 320
903 316
906 312
909 300
916 305
904 320
859 294
860 295
852 288
860 280
856 303
860 297
860 286
849 299
866 301
846 277
846 300
856 292
852 288
844 276
800 264
710 232
708 230
700 226
712 233
721 248
706 228
711 232
722 227
746 222
752 232
748 242
742 220
744 233
744 218
740 236
742 226
753 242
1053 630
1052 637
1042 621
1056 612
1020 629
1055 610
1035 634
1046 624
1032 658
1039 633
1018 626
890 597
894 596
894 588
884 598
876 596
890 574
878 604
882 604
892 604
880 598
904 594
902 590
916 590
906 582
901 618
892 574
992 594
1170 606
1204 572
1198 587
1202 584
1200 592
1202 603
1202 574
1202 588
1204 571
1194 588
1222 596
1228 606
1226 610
1242 606
1230 570
1212 606
1223 604
1226 595
1240 599
1232 582
1230 610
1217 587
1236 590
1224 592
1236 604
1238 603
1218 618
1244 584
1214 598
1222 586
1238 579
1217 604
1228 594
1222 576
1254 606
1244 608
1224 619
1218 604
1214 620
1220 600
1239 608
1217 632
1296 718
1316 776
1312 779
1296 806
1284 787
1312 789
1313 782
1290 804
1297 799
1300 798
1266 796
1268 787
1260 788
1274 777
1276 788
1265 794
1280 792
1270 780
1276 794
1240 806
1286 776
1190 772
903 740
721 738
719 701
734 704
732 699
714 719
710 717
724 720
704 730
711 696
710 732
732 752
694 732
564 682
566 678
539 688
550 679
546 693
542 680
542 682
542 707
554 712
600 690
592 696
608 714
604 720
584 708
645 742
611 751
602 729
598 701
616 720
618 681
598 678
588 674
604 695
586 680
583 700
582 676
570 656
603 680
692 662
960 569
1154 564
1158 556
1170 550
1162 558
1154 556
1162 544
1167 556
1166 547
1168 541
1178 558
1172 557
1217 530
1302 484
1310 493
1300 472
1318 490
1304 463
1309 458
1308 476
1305 479
1310 464
1308 456
1306 466
1498 466
1204 336
1210 338
1210 340
1198 338
1202 338
1210 342
1205 338
1212 338
1203 347
1210 336
1210 327
1204 329
1160 302
1172 310
1160 308
1170 293
1162 286
1163 300
1170 300
1178 295
1171 300
1184 278
1200 296
1227 382
1200 334
1198 328
1200 332
1202 332
1201 326
1195 330
1188 314
1195 334
1203 318
1191 330
1190 332
1191 333
1194 350
1197 332
1190 336
1180 336
1201 346
1198 344
1190 334
1191 334
1194 327
1190 350

Slide #24
1011 440
1000 461
992 457
1004 463
997 441
1002 460
1000 466
998 457
1002 470
1008 548
1006 624
1003 622
1012 620
996 634
1012 634
1006 626
1003 626
1004 622
1012 606
1006 615
924 618
943 627
922 628
914 608
927 626
916 640
926 632
928 630
929 624
918 612
1044 562
1044 560
1040 554
1046 568
1046 570
1044 576
1052 554
1045 541
990 564
989 566
1006 568
1004 576
993 565
994 562
996 578
1116 588
1138 584
1148 592
1148 586
1138 583
1138 601
1142 598
1132 592
1148 592
1046 619
830 688
822 715
818 715
848 762
832 696
828 690
820 708
813 690
810 674
822 716
822 694
824 702
990 572
1008 578
994 588
991 586
1020 578
1030 567
1061 572
1046 584
1036 592
1027 570
1034 586
1030 572
1024 580
1044 548
1000 572
1002 574
1008 570

Slide #25
1014 574
1018 578
1005 566
1002 584
1008 569
1002 568
1000 573
1020 578
934 568
930 566
760 578
681 598
688 612
692 597
681 592
672 582
688 594
660 581
678 588
670 589
654 600
678 606
726 609
728 608
719 612
739 616
735 614
746 614
722 602
737 620
730 622
734 604
732 612
730 622
746 604
736 607
727 616
729 622
729 614
726 601
734 636
736 624
730 616
734 620
738 596
720 612
703 620
563 615
570 612
584 584
592 586
594 598
590 566
592 592
593 584
596 589
598 594
585 578
600 570
635 594
646 558
650 584
649 582
626 594
738 596
915 589
930 578
950 572
932 580
942 576
924 566
940 571
924 554
932 570
942 586
930 575
933 581
939 582
944 576
930 568
922 590
814 532
693 496
706 520
692 512
713 502
703 513
679 518
698 488
712 496
728 470
728 496
736 488
728 520
729 489

Slide #26
732 512
652 489
656 501
662 488
636 484
641 488
652 499
650 489
652 489
630 478
644 488
651 499
1286 297
1232 520
1232 527
1229 530
1238 515
1240 526
1225 542
1248 520
1234 530
1238 538
1224 537
1232 518
1234 522
1236 520
1224 506
1230 528
1367 498
1385 496
1372 479
1363 495
1372 479
1376 484
1386 503
1376 472
1376 485
1371 496
1388 500
1378 480
1372 485
1376 468
1384 470
1376 488
1382 498
1370 478
1382 494
1372 474
1387 512
1426 515
1428 510
1414 508
1434 512
1415 510
1418 512
1418 502
1424 494
1425 502
1422 508
1422 517
1422 516
1415 499
1416 500
1416 502
1442 491
1419 512
1427 498
1420 484
1420 504
1413 506
1418 513
1414 514
1422 506
968 515
972 503
966 518
985 492
974 508
970 499
979 504
963 512
900 532
917 504
904 515
911 517
902 529
918 516
908 528
914 530
903 512

Slide #27
924 524
920 520
904 529
908 514
904 521
912 539
902 515
915 528
915 527
999 508
1060 480
1048 492
1056 487
1060 481
1060 476
1051 456
1056 447
1076 441
1060 462
1058 464
1064 461
1061 447
1066 461
1056 435
1056 460
1070 448
1060 473
1062 455
1062 454
1204 465
1190 449
1207 432
931 456
810 448
801 456
790 466
794 444
789 449
797 441
787 446
792 464
792 454
761 444
636 427
635 428
641 424
638 445
642 435
651 441
631 440
626 432
665 424
724 406
718 422
702 422
717 413
716 421
703 411
720 404
980 445
990 380
976 381
984 372
984 370
992 378
991 385
984 368
984 369
986 378
978 374
984 381
1028 390
1126 396
1126 392
1119 388
1111 414
1120 403
1116 404
1124 398
1183 401
1182 420
1180 412
1176 400
1186 396
1178 406
1194 409
1187 398
1178 406

Slide #28
1172 410
1176 412
1184 394
1182 404
1178 406
1192 396
1244 452
1246 436
1260 423
1240 436
1254 443
1232 446
1004 520
995 562
1004 551
998 540
998 542
998 534
949 648
1020 640
1044 626
1044 628
1040 628
1030 612
1000 625
816 649
825 650
836 651
826 648
839 636
810 648
834 644
833 664
828 670
862 646
1047 605
1066 591
1066 600
1089 608
1068 590
1074 582
1077 588
1084 604
1058 612
1072 588
1074 604
1168 512
1180 510
1156 528
1180 510
1168 528
1168 505
1170 522
1158 519
1156 522
1175 502
1161 515
1174 519
1159 508
1200 510
1204 507
1190 500
968 444
982 423
970 432
970 434
954 430
967 414
968 422
976 424
972 418
969 402
966 422
953 438
887 430
908 416
906 403
900 422
898 425
898 424
798 422
715 415
722 410
696 424
730 410
722 402
718 414
706 402
721 402
710 404
716 400
714 396
702 410
714 412
714 404
712 394
718 398
799 378
805 380
800 381
772 390
806 386
804 390
806 380
805 362
806 374
804 376
788 377
806 370
809 366
814 376
807 376
812 380
816 374
761 483
726 608
734 662
734 678
724 656
730 685
736 679
737 687
731 676
733 664
734 678
706 642
748 694
736 669
720 669
726 670
738 662
940 666
1024 695
1022 667
1010 705
1020 691
1018 718
1026 685
1008 694
1028 692
1022 693
1006 720
1190 660
1187 683
1184 656
1182 662
1192 674
1175 666
1193 632
1185 668
1184 660
1181 684
1174 667
1185 692
1176 710
1172 689
1192 680
1226 680
1222 670
1222 652
1218 660
1218 655
1212 662
1229 637
1216 658
1218 660
1220 652
1228 648
1222 656
1228 672
1202 688
1076 573
1074 563
1084 559
1085 569
1068 574
1068 559
1090 574
1090 562
1125 564
1120 572
1112 558
1118 551
1117 566
1129 544
1110 576
1128 554
1122 570
1117 572
1122 578
1112 578
1126 571
1165 542
1178 524
1172 530
1188 531
1183 525
1180 524
1174 516
1186 516
1198 520
1188 506
1178 528
1192 504
1178 522
1174 522
1143 504
1170 502
1160 493
1158 498
1154 505
1156 509
1102 468
1085 484
1088 475
1090 464
1091 487
1076 480
1090 476
1076 477
1085 478
1090 481
1092 478
1090 472
1088 473
1083 478
1096 466
1087 474
1087 486
1085 484
1094 479
1079 503
1095 456
1088 470
1078 492
876 550
880 580
874 578
892 573
880 575
880 586
880 558
872 574
884 576
880 593
870 584
882 568
879 574
889 567
872 568
872 573
880 590
884 571
881 576
870 568
724 599
716 639
704 628
700 628
700 627
699 648
700 638
694 627
702 652
690 650
704 655
699 664
701 676
704 660
698 652
699 690
704 660
712 680
695 682
694 652
707 681
706 672
804 684
938 692
926 739
938 697
930 714
927 702
929 716
930 698
934 704
891 704
904 704
894 723
888 718
893 716

Slide #29
876 652
866 634
860 655
868 658
858 626
873 646
850 638
918 616
936 586
929 586
928 602
926 592
926 606
932 597
945 591
937 596
936 609
935 588
931 584
950 598
848 619
856 642
836 632
840 635
836 624
840 637
851 646
842 648
848 635
845 696
842 654
842 666
848 682
847 670
861 682
733 726
544 766
524 776
531 704
541 754
540 743
558 743
524 718
527 726
530 727
528 744
505 729
1124 520
1192 467
1184 464
1184 469
1196 473
1198 460
1188 432
1203 456
1194 456
1196 460
1218 501
1222 486
1219 516
1227 506
1216 502
1222 515
1224 520
1213 514
1213 503
1220 524
1260 530
1380 588
1372 570
1366 550
1360 552
1364 556
1358 562
1397 558
1448 554
1427 556
1445 566
1450 547
1491 678
781 438
790 444
778 446
776 448

Slide #30
780 450
785 461
789 446
784 436
869 482
870 466
873 468
867 475
870 472
870 471
858 476
868 502
865 480
876 488
866 487
872 478
872 480
874 486
862 482
870 496
710 495
672 508
656 531
669 512
658 512
656 506
664 503
661 498
644 513
619 506
507 542
528 520
545 516
548 502
529 504
563 528
1100 650
1100 634
1084 664
1086 642
1106 648
1098 632
1089 662
1088 654
889 672
780 674
785 686
795 713
783 682
770 702
780 684
784 698
782 670
788 689
896 428
888 468
905 442
890 456
898 448
901 456
903 452
888 459
908 452
861 454
622 464
583 452
610 454
578 456
592 458
568 451
593 448
596 465
597 454
589 462
596 460
589 468
594 386
592 356
576 350
586 353
583 364
598 342
589 345
593 346

Slide #31
581 348
753 338
814 322
836 349
825 330
828 330
824 322
782 480
1022 462
1034 427
1026 419
1025 442
1036 436
1036 440
1032 404
1036 410
1002 431
938 450
934 430
925 448
938 418
929 450
936 422
942 436
928 434
927 427
936 456
852 458
818 472
818 476
832 482
830 475
811 473
812 477
824 478
818 492
812 468
823 488
814 482
814 478
820 478
814 462
810 482
824 460
898 464
989 440
992 432
986 452
984 420
974 430
992 414
995 420
992 438
986 434
996 424
988 442
985 505
1066 577
1129 546
1124 573
1120 568
1118 585
1132 558
1122 566
1112 583
1122 568
1120 534
1072 606
1088 582
1070 596
1062 601
1070 603
1070 592
1076 602
1082 590
1068 594
1076 600
1112 598
1096 627
1098 632
1105 609
1106 624
1104 597
1130 613
1106 605
1110 592
1111 608
1096 604
1124 594
1104 627
1111 617
1108 598
1189 606
1222 616
1222 586
1242 588
1214 603
1236 599
1232 594
1230 608
1236 608
1214 594
1219 592
1232 586
1208 585
1226 594
1232 582
1209 582
1228 572
1206 578
937 562
794 576
792 564
796 592
788 568
768 588
789 586
787 575
775 586
773 586
786 572
809 574
859 665
906 546
914 560
914 570
922 568
913 574
749 586
734 602
744 594
732 582
740 620
730 594
728 586
746 596
738 573
726 608
744 600
724 599
746 588
734 600
766 608
757 620
765 606
766 606
771 593
732 610
812 620
1054 526
1189 544
1184 539
1190 523
1182 525
1186 518
1194 517
1176 527
1194 528
1166 527
1196 530
1239 540
1242 543
1234 537
1230 537
1228 550
1222 554
1238 538
1239 539
1179 650
1168 676
1162 710
1170 692
1150 720
1175 706
1180 668
1174 682
1179 678
1106 700
1028 680
1040 704
1006 740
1039 677
990 737
1026 702
1024 721
1034 710
1022 707
1030 721
830 670
792 681
761 686
772 670
772 697
768 678
774 686
778 682
763 684
752 684
780 691
767 665
785 672
820 681
805 690
798 704
806 696
798 693
798 682
800 683
793 696
805 671
808 686
804 686
864 610
849 613
850 642
865 622
859 590
858 621
858 618
888 574
954 520
956 520
952 513
937 526
954 528
949 534
950 523
997 408
984 422
994 424
970 432
976 438
982 428
994 407
972 428
1124 393
1169 408
1176 412
1170 400
1179 404
1187 399
1162 406
1185 389
1176 406
1215 405
1217 406
1203 398
1214 418
1221 410
1221 408
1228 412
1200 395
1218 408
1117 394
1090 382
1100 392
1090 388
1099 392
1088 386
1084 386
1093 390
1086 389
1075 392
1090 398
1086 374
1095 391
1092 378
1112 396
1143 402
1141 376
1142 374
1128 375
1136 376
1138 368
964 404
976 434
962 419
972 410
985 422
968 433
973 407
988 450
995 440
1009 422
1005 438
1004 430
986 437
996 458
994 431
995 418
996 425
998 436
995 431
994 430
1000 427
996 426

Slide #32
1000 454
1000 432
1002 450
984 426
995 431
940 467
871 458
866 474
868 463
866 469
858 480
866 476
862 478
865 466
884 472
1043 549
1102 589
1094 604
1106 600
1098 590
1098 600
1118 578
1096 606
1110 612
661 744
645 800
659 820
652 796
647 774
648 781
652 794
667 700
656 679
644 725
640 682
650 712
642 707
663 686
644 666
606 604
546 286
574 218
567 223
578 223
582 226
580 220
577 220
584 215
570 226
578 219
578 212
538 253
561 262
567 268
546 259
560 270
554 260
550 262
553 262
551 264
550 262
559 267
557 272
566 266
720 254
950 257
1443 58
1345 160
1345 146
1333 149
1336 147
1344 154
1336 147
1340 156
1341 144
1342 158
1332 173
1332 161

Slide #33
1242 424
1218 216
1228 263
1222 256
1226 266
1086 324
980 403
975 396
974 388
974 396
978 406
976 404
962 414
930 425
928 432
918 450
924 429
928 440
929 424
910 443
929 440
894 474
913 454
928 434
922 439
1068 456
1313 452
1378 454
1384 454
1390 468
1402 438
1386 460
1390 471
1388 466
1388 468
1398 446
1384 466
1338 636
1337 586
1353 588
1334 589
1338 590
1346 582
1338 596
1415 603
1404 598
1413 586
1416 592
1404 606
1416 614
1408 590
1404 609
1310 608
1109 614
1120 622
1116 627
1106 625
1112 644
1110 634
1126 632
1104 613
1116 629
1126 609
1106 616
1108 640
1096 632
1110 637
1110 634
1105 644
1108 626
1100 624
1660 638
1664 624
1679 638
1678 618
1668 633
1676 654
1652 622
1710 571
660 538

Slide #34
648 544
638 559
651 550
646 562
634 553
664 551
658 547
662 549
880 506
906 500
902 471
914 470
904 474
904 482
946 440
954 444
954 438
934 422
952 440
938 444
942 447
945 438
900 421
820 406
815 415
820 414
829 412
808 410
814 413
824 398
816 392
814 390
820 404
816 416
760 501
720 568
723 602
715 568
722 581
709 582
728 592
713 581
710 582
712 581
736 578
998 554
1093 576
1114 556
1104 578
1099 598
1102 576
1102 559
1110 586
1105 604
1100 582
927 622
892 612
903 628
894 615
884 606
896 632
944 658
954 642
958 650
949 661
935 638
992 510
1000 522
991 524
988 536
978 532
986 538
992 531
988 531
904 530
740 573
756 542
760 540
766 540
764 544
758 540
768 542
782 529

Slide #35
776 543
764 543
776 536
929 434
932 440
937 429
931 452
924 458
928 448
926 438
944 452
936 430
932 434
924 422
930 437
928 434
810 481
797 484
806 498
800 510
793 478
802 491
796 500
786 494
792 506
842 474
840 483
846 485
846 498
846 482
854 487
854 494
848 495
839 490
831 492
844 478
848 492
767 446
692 400
696 408
684 410
695 412
698 404
685 412
698 405
675 430
696 422
716 370
706 402
710 398
700 394
710 386
696 397
709 408
745 412
753 416
742 412
736 421
754 422
744 428
740 410
906 360
998 370
999 416
988 394
991 389
1000 396
990 402
1002 386
991 387
996 398
990 408
998 394
992 405
1000 400
988 414
1025 418
1155 484
1124 493
1130 487
1142 500
1127 497
1130 492
1137 526
1124 492
1132 490
1126 506
1123 500
1144 486
1140 494
1042 592
1026 630
1024 640
1020 636
1034 622
1026 632
1036 641
1074 694
1088 653
1098 676
1097 672
1100 653
1095 669
1089 692
1081 658
1098 673
1082 655
1096 692
1079 687
1092 672
1083 671
864 654
758 693
732 672
742 722
726 674
734 678
714 670
720 682
728 666
725 712
1098 541
1100 542
1100 544
1105 552
1102 542
1108 551
1110 548
1084 560
1098 548
1104 546
1106 533
1098 537
1100 530
1098 534
1084 544
1104 551
1094 550
1097 538
1100 533
1068 545
878 594
874 576
861 611
874 626
856 600
875 608
865 623
890 629
863 608
862 630
862 629
880 630
860 632
856 634
826 669
824 658
846 638
830 651
821 664
820 691
828 660
682 789
739 490
757 407
740 414
748 418
752 410
748 430
760 418
742 406
744 410
754 432
744 424
796 450
792 454
793 447
793 448
796 444
790 443
788 450
842 447
1054 396
1119 402
1126 400
1124 382
1124 389
1132 397
1132 396
1136 379
1126 394
1122 404
1126 398
1120 392
1115 418
1134 383
1122 396
1130 407
1130 394
1134 394
1132 376
1194 376
1192 377
1192 380
1198 377
1206 365
1187 374
1198 374
1188 393
1185 398
1192 392
1184 383
1194 375
1206 370
1194 435
1190 438
1196 419
1202 394
1187 378
1168 374
1172 382
1183 370
1186 368
1174 386
1192 378
1182 366
1184 367
1186 380
1177 367
1196 363
1214 348
1194 359
1192 372
1191 374
1188 356
1196 366
1198 353
1185 367
1200 359
1195 374
1200 356
1194 355
1192 364
1184 365
1191 376
1190 369
1202 357
1200 338
1187 358
1196 372
1178 368
1182 368
1199 353
1191 359
1177 372
1184 350
1178 366
1190 349
1184 353
1198 358
1181 344
1196 356
1194 332
1190 363
1191 384
1188 392
1190 374
1192 390
1199 368
1176 392
1189 378
1233 446
1250 544
1232 603
1223 614
1232 622
1238 602
1231 619
1230 598
1217 628
1226 616
1240 628
1232 622
1216 603

Slide #36
1229 636
1226 610
1232 628
1224 594
1240 610
1228 616
1156 616
1134 614
1129 602
1133 612
1132 597
1146 604
1136 604
1140 599
1145 606
782 524
774 530
794 526
795 516
787 504
798 531
783 516
778 518
784 516
788 517
780 511
954 548
956 554
961 560
963 574
955 554
947 556
958 556
930 616
936 604
928 616
930 642
928 618
934 607
911 604
928 607
920 623
993 556
992 554
996 581
991 562
989 552
990 564
996 556
994 552
995 557
1050 562
1164 614
1159 594
1168 620
1161 632
1170 604
1160 612
1174 606
1174 621
1161 597
1170 620
1181 608
1182 610
1176 612
1173 608
1166 602
1164 631

Slide #37
991 596
974 616
982 615
992 582
975 596
986 598
999 585
984 599
988 612
990 594
993 582
976 606
988 588
995 589
996 598
994 584
920 573
928 564
916 557
920 554
924 567
902 584
915 584
908 551
912 569
924 568
839 545
716 536
728 528
723 531
721 522
728 524
728 522
722 511
728 532
728 540
736 531
749 524
798 552
804 542
798 554
786 541
813 524
796 556
806 586
999 415
990 422
986 425
1006 412
996 422
1006 410
994 424
990 420
992 415
995 409
980 429
984 426
978 440
988 425
979 413
976 424
1124 463
1101 442
1124 472
1117 464
1112 472
1120 465
1095 460
1100 472
1094 452
1099 466
1106 465
1092 463
1105 442
1092 464
1106 454
1099 464
1100 468
1089 470
1094 472
1103 437
1030 480
1012 514
1008 505
1024 514
1002 507
1012 532
1022 506
1012 484
1010 509
1024 522
1014 528
1015 500
1022 503
1042 494
1032 487
1028 504
961 595
1046 567
993 517
953 560
937 553
940 546
952 545
952 567
958 544
948 548
960 551
944 564
944 556
948 560
944 554
943 582
965 673
960 656
970 663
959 649
978 654
974 674
978 656
970 650
959 644
978 664
971 652
966 646
958 644
972 638
870 736
874 729
873 732
946 602
946 550
937 552
938 567
930 555
930 568
927 557
941 551
946 544
939 565
934 566
935 560
980 542
1002 538
997 514
988 549
998 545
1007 556
996 530
1001 537
1002 538
996 532
988 557
999 548
994 545
996 554
992 530
766 636
724 772
675 776
678 775
675 763
648 800
684 776
656 800
684 750
724 783
750 783
745 792
748 799
704 800
714 768
736 796
714 765
726 774
746 786
726 780
403 650
756 645
745 638
756 652
751 713
752 687
754 671
745 674
834 695
850 704
857 714
845 694
834 732
862 693
857 684
859 718
853 713
850 717
940 732
942 678
926 704
927 722
928 713
1054 720
1080 710
1094 699
1084 710
1092 714
1074 720
1074 698
1080 732
1080 686
1074 730
1080 715
1044 716
1062 716
1065 688
1068 682
1074 700
1062 702
1078 696
1082 674
1226 763
1238 736
1219 742
1228 728
1254 709
1246 740
1244 740
1254 734
1247 741
1236 743
1237 724
1088 671
1081 697
1048 704
1079 700
1080 688
1066 697
1079 696
1073 701
1074 694
1086 702
1084 672
1224 534
1226 442
1232 444
1238 432
1234 420
1244 434
1320 338
1330 343
1320 314
1316 324
1314 316
1313 329
1308 315
1326 320
1315 330
1092 312
938 279
937 304
942 282
946 274
936 289
942 289
936 300
922 292
934 275
934 285
930 290
943 288
1108 259
1126 270
1136 242
1143 260
1144 265
1134 266
1138 258
1250 242
1414 236
1426 248
1422 254
1403 234

Slide #38
1399 238
1423 240
1400 246
1416 251
1412 250
1410 261
1426 240
1422 246
1417 238
1281 272
1049 418
982 492
974 500
968 495
978 498
980 492
697 642
744 609
746 604
737 596
740 595
744 581
748 584
738 576
742 592
692 655
694 656
673 658
702 658
688 651
668 674
679 670
691 663
935 637
1150 659
1167 674
1165 674
1176 680
1180 674
1166 689
1186 658
1172 684
1172 684
1166 674
1176 664
1204 655
1264 602
1355 543
1348 564
1348 550
1356 558
1347 569
1354 548
1343 559
1344 543
1208 541
1018 537
980 524
982 518
970 548
979 544
984 525
968 533
982 519
982 520
978 528
972 530
751 520
756 512
740 509
738 520
733 514
734 524
664 482
567 432
586 446
606 410
576 434
586 420
596 421
590 424
688 409
924 330
1015 338
1029 346
1028 321
1032 306

Slide #39
1024 332
1028 339
1026 336
1031 321
1024 327
1036 328
1033 314
1026 333
1020 320
1098 388
1118 466
1119 479
1108 468
1123 467
1124 474
1129 472
778 568
764 549
777 578
774 578
782 572
782 578
781 576
777 559
773 579
840 562
833 542
838 578
846 554
845 551
981 542
1161 530
1186 538
1198 532
1175 553
1194 534
1210 532
1198 528
1184 542
1190 546
1188 531
1194 538
1186 536
1238 600
1134 510
1134 524
1140 516
1148 528
1130 530
1126 538
1139 535
1154 524
1137 524
1132 530
1132 530
1124 516
1145 507
1140 515
1138 532
1133 536
1129 531
1142 512
1144 525
1154 521
1134 535
1142 534
1144 530
1138 534
1141 544
1119 546
1145 521
1146 518
1145 510
1132 527
1094 518
1018 504
1020 511

Slide #40
1021 510
1016 519
1008 472
1016 504
1018 460
1010 495
1017 478
1035 486
1144 555
1128 538
1156 546
1134 552
1131 550
1116 559
1150 534
1130 538
1142 524
1112 551
1149 542
1133 546
1207 604
1205 636
1194 637
1208 608
1198 630
1187 618
1200 629
1200 609
1206 621
1216 612
1212 594
1156 578
1100 528
1095 546
1096 536
1105 535
1113 518
1102 537
1094 544
1103 528
1095 537
1094 537
1087 529
1106 520
1111 558
1296 684
1295 719
1300 725
1288 723
1287 742
1326 726
1282 748
1314 740
1287 750
1305 720
1318 721
1296 740
1306 740
1390 853
1142 599
1110 551
1150 577
1144 606
1132 594
1142 606
1152 589
1221 522
1276 478
1266 481
1267 481
1266 488
1275 485
1262 488
1272 482
1270 502
1266 485
1267 490
1265 481
1168 422

Slide #41
1178 436
1154 422
1178 440
1172 422
1153 448
1172 428
1158 426
1156 431
1172 425
1160 435
1158 430
1148 438
928 475
943 462
936 470
944 480
946 487
950 488
946 482
946 475
934 476
950 474
940 456
861 487
772 520
781 538
784 518
783 546
785 538
788 538
782 534
771 526
775 534
754 553
786 558
866 647
879 623
890 636
902 642
888 636
870 642
886 630
873 644
882 624
888 652
880 616
887 668
1075 461
1060 394
1056 392
1062 376
1058 388
1056 390
1044 377
1059 378
1064 403
1068 396
1057 407
1060 416
1058 426
1058 408
1060 416
1071 417
1134 379
1138 372
1138 381
1142 384
1148 374
1147 376
1134 394
1142 396
1143 386
1162 450
1168 480
1230 524
1162 456
1176 454
1178 461
1181 448
1168 464
1185 453
1187 452
1067 468
1090 476
1082 464
1072 468
1089 463
1090 476
1086 476
1090 482
1078 467
1153 429
1148 445
1146 442
1147 434
1144 438
1126 446
1214 458
1308 582
1226 646
1222 668
1245 649
1222 678
1228 654
1206 648
1216 656
1222 663
1046 440
1040 451
1039 441
1047 463
1046 452
900 526
884 532
906 513
916 507
887 524
904 509
888 537
884 577
883 575
885 548
976 550
984 567
998 523
1016 508
1014 520
1115 411
1116 422
1111 434
1116 442
1122 441
1047 430
814 389
770 406
775 378
768 401
762 384
761 387
768 385
760 388
778 394
763 392
750 388
761 398
758 381
770 374
758 385
770 386
762 384
760 398
765 375
770 376
880 398
876 414
876 402
874 428
872 428
872 422
871 426
856 430
876 430
869 454
872 455
1000 539
1068 586
1054 635
1053 602
1048 612
1068 622
1079 628
1030 630
866 676
868 687
858 684
862 692
858 652
860 699
846 650
861 682
857 668
898 642
886 664
903 660
881 665
885 678
904 657
896 640
911 658
1037 693
1198 742
1193 713
1214 706
1194 715
1208 682
1212 707
1220 707
1214 673
1217 714
1203 716
1206 740
1182 734
1128 498
1131 528
1132 522
1121 522
1144 512
1136 510
1139 531
1120 532
1160 522
1221 498
1246 483
1233 503
1234 488
1226 508
1224 513
1223 500
1239 504
1234 503
1253 475
1258 471
1262 475
1252 487
1253 460
1267 488
1252 469
1251 473
1258 473
1255 470
1209 418
1220 380
1202 402
1200 413
1200 392
1200 402
1216 396
1198 385
1215 426
1226 394
1256 384
1244 395
1244 372
1238 356
1236 360
1240 348
1230 533
1134 362
1140 386
1136 387
1144 396
1154 420
1133 386
1142 391
1146 394
1150 404
1156 404
1149 378
1146 356
1146 405
1166 396
1152 406
1160 390
1172 380
1164 408
